1.000000000000 149.000000000000 362.184416649291
1.000000000000 150.000000000000 133.905724272168
1.000000000000 151.000000000000 106.474859027415
1.000000000000 213.000000000000 362.184416649291
1.000000000000 214.000000000000 133.905724272168
1.000000000000 215.000000000000 106.474859027415
2.000000000000 149.000000000000 6435.031745623419
2.000000000000 150.000000000000 247.880039104340
2.000000000000 151.000000000000 247.247226518854
2.000000000000 221.000000000000 247.880039104340
2.000000000000 222.000000000000 247.247226518854
3.000000000000 152.000000000000 247.247226518875
3.000000000000 153.000000000000 247.880039104277
3.000000000000 154.000000000000 6435.031745526037
3.000000000000 251.000000000000 247.247226518875
3.000000000000 252.000000000000 247.880039104277
4.000000000000 152.000000000000 106.474859027418
4.000000000000 153.000000000000 133.905724272178
4.000000000000 154.000000000000 362.184416649196
4.000000000000 258.000000000000 106.474859027418
4.000000000000 259.000000000000 133.905724272178
4.000000000000 260.000000000000 362.184416649196
5.000000000000 156.000000000000 66.236270315510
5.000000000000 157.000000000000 23.475199679358
5.000000000000 158.000000000000 14.362308394972
5.000000000000 214.000000000000 66.236270315510
5.000000000000 215.000000000000 23.475199679358
5.000000000000 216.000000000000 14.362308394972
6.000000000000 156.000000000000 178.352146658328
6.000000000000 157.000000000000 34.241687636817
6.000000000000 158.000000000000 13.264892144346
6.000000000000 221.000000000000 178.352146658328
6.000000000000 222.000000000000 34.241687636817
6.000000000000 223.000000000000 13.264892144346
7.000000000000 157.000000000000 64.633707978567
7.000000000000 158.000000000000 18.968217429279
7.000000000000 227.000000000000 64.633707978567
7.000000000000 228.000000000000 18.968217429279
8.000000000000 157.000000000000 477.556832382586
8.000000000000 158.000000000000 32.597227313164
8.000000000000 231.000000000000 477.556832382586
8.000000000000 232.000000000000 32.597227313164
9.000000000000 158.000000000000 94.737695592188
9.000000000000 235.000000000000 94.737695592188
10.000000000000 159.000000000000 94.737695592201
10.000000000000 238.000000000000 94.737695592201
11.000000000000 159.000000000000 32.597227313163
11.000000000000 160.000000000000 477.556832382158
11.000000000000 241.000000000000 32.597227313163
11.000000000000 242.000000000000 477.556832382158
12.000000000000 159.000000000000 18.968217429279
12.000000000000 160.000000000000 64.633707978567
12.000000000000 245.000000000000 18.968217429279
12.000000000000 246.000000000000 64.633707978567
13.000000000000 159.000000000000 13.264892144346
13.000000000000 160.000000000000 34.241687636818
13.000000000000 161.000000000000 178.352146658355
13.000000000000 250.000000000000 13.264892144346
13.000000000000 251.000000000000 34.241687636818
13.000000000000 252.000000000000 178.352146658355
14.000000000000 159.000000000000 14.362308394972
14.000000000000 160.000000000000 23.475199679358
14.000000000000 161.000000000000 66.236270315511
14.000000000000 257.000000000000 14.362308394972
14.000000000000 258.000000000000 23.475199679358
14.000000000000 259.000000000000 66.236270315511
15.000000000000 163.000000000000 251.411589772295
15.000000000000 164.000000000000 19.711188440029
15.000000000000 165.000000000000 8.427447105096
15.000000000000 214.000000000000 251.411589772295
15.000000000000 215.000000000000 19.711188440029
15.000000000000 216.000000000000 8.427447105096
16.000000000000 164.000000000000 32.635350587863
16.000000000000 165.000000000000 7.284798742116
16.000000000000 222.000000000000 32.635350587863
16.000000000000 223.000000000000 7.284798742116
17.000000000000 164.000000000000 110.586185799343
17.000000000000 165.000000000000 10.180849077690
17.000000000000 227.000000000000 110.586185799343
17.000000000000 228.000000000000 10.180849077690
18.000000000000 165.000000000000 17.692352242652
18.000000000000 232.000000000000 17.692352242652
19.000000000000 165.000000000000 84.658159197436
19.000000000000 235.000000000000 84.658159197436
22.000000000000 166.000000000000 84.658159197722
22.000000000000 238.000000000000 84.658159197722
23.000000000000 166.000000000000 17.692352242652
23.000000000000 241.000000000000 17.692352242652
24.000000000000 166.000000000000 10.180849077690
24.000000000000 167.000000000000 110.586185799307
24.000000000000 245.000000000000 10.180849077690
24.000000000000 246.000000000000 110.586185799307
25.000000000000 166.000000000000 7.284798742116
25.000000000000 167.000000000000 32.635350587863
25.000000000000 250.000000000000 7.284798742116
25.000000000000 251.000000000000 32.635350587863
26.000000000000 166.000000000000 8.427447105096
26.000000000000 167.000000000000 19.711188440028
26.000000000000 168.000000000000 251.411589772216
26.000000000000 257.000000000000 8.427447105096
26.000000000000 258.000000000000 19.711188440028
26.000000000000 259.000000000000 251.411589772216
27.000000000000 169.000000000000 96.227679927056
27.000000000000 170.000000000000 97.783017051059
27.000000000000 209.000000000000 96.227679927056
27.000000000000 210.000000000000 97.783017051059
28.000000000000 169.000000000000 33.690665266035
28.000000000000 170.000000000000 6.406187211075
28.000000000000 215.000000000000 33.690665266035
28.000000000000 216.000000000000 6.406187211075
29.000000000000 169.000000000000 162.646146842207
29.000000000000 170.000000000000 7.145327279438
29.000000000000 222.000000000000 162.646146842207
29.000000000000 223.000000000000 7.145327279438
30.000000000000 170.000000000000 10.840831691232
30.000000000000 228.000000000000 10.840831691232
31.000000000000 170.000000000000 24.695058338162
31.000000000000 232.000000000000 24.695058338162
36.000000000000 171.000000000000 24.695058338162
36.000000000000 241.000000000000 24.695058338162
37.000000000000 171.000000000000 10.840831691232
37.000000000000 245.000000000000 10.840831691232
38.000000000000 171.000000000000 7.145327279438
38.000000000000 172.000000000000 162.646146842280
38.000000000000 250.000000000000 7.145327279438
38.000000000000 251.000000000000 162.646146842280
39.000000000000 171.000000000000 6.406187211074
39.000000000000 172.000000000000 33.690665266036
39.000000000000 257.000000000000 6.406187211074
39.000000000000 258.000000000000 33.690665266036
40.000000000000 171.000000000000 97.783017051060
40.000000000000 172.000000000000 96.227679927056
40.000000000000 263.000000000000 97.783017051060
40.000000000000 264.000000000000 96.227679927056
41.000000000000 173.000000000000 260.059680845387
41.000000000000 174.000000000000 25.675189748179
41.000000000000 209.000000000000 260.059680845387
41.000000000000 210.000000000000 25.675189748179
42.000000000000 174.000000000000 7.341785478727
42.000000000000 216.000000000000 7.341785478727
43.000000000000 174.000000000000 10.852058835895
43.000000000000 223.000000000000 10.852058835895
44.000000000000 174.000000000000 22.567991022145
44.000000000000 228.000000000000 22.567991022145
49.000000000000 175.000000000000 22.567991022146
49.000000000000 245.000000000000 22.567991022146
50.000000000000 175.000000000000 10.852058835895
50.000000000000 250.000000000000 10.852058835895
51.000000000000 175.000000000000 7.341785478726
51.000000000000 257.000000000000 7.341785478726
52.000000000000 175.000000000000 25.675189748180
52.000000000000 176.000000000000 260.059680845329
52.000000000000 263.000000000000 25.675189748180
52.000000000000 264.000000000000 260.059680845329
53.000000000000 177.000000000000 16.900083357257
53.000000000000 210.000000000000 16.900083357257
54.000000000000 177.000000000000 25.729049886605
54.000000000000 216.000000000000 25.729049886605
55.000000000000 177.000000000000 429.473018096873
55.000000000000 223.000000000000 429.473018096873
62.000000000000 178.000000000000 429.473018091648
62.000000000000 250.000000000000 429.473018091648
63.000000000000 178.000000000000 25.729049886605
63.000000000000 257.000000000000 25.729049886605
64.000000000000 178.000000000000 16.900083357258
64.000000000000 263.000000000000 16.900083357258
85.000000000000 180.000000000000 16.900083357257
85.000000000000 211.000000000000 16.900083357257
86.000000000000 180.000000000000 25.729049886605
86.000000000000 217.000000000000 25.729049886605
87.000000000000 180.000000000000 429.473018091966
87.000000000000 224.000000000000 429.473018091966
94.000000000000 179.000000000000 429.473018092534
94.000000000000 249.000000000000 429.473018092534
95.000000000000 179.000000000000 25.729049886606
95.000000000000 256.000000000000 25.729049886606
96.000000000000 179.000000000000 16.900083357258
96.000000000000 262.000000000000 16.900083357258
97.000000000000 183.000000000000 25.675189748179
97.000000000000 184.000000000000 260.059680845269
97.000000000000 211.000000000000 25.675189748179
97.000000000000 212.000000000000 260.059680845269
98.000000000000 183.000000000000 7.341785478726
98.000000000000 217.000000000000 7.341785478726
99.000000000000 183.000000000000 10.852058835895
99.000000000000 224.000000000000 10.852058835895
100.000000000000 183.000000000000 22.567991022147
100.000000000000 229.000000000000 22.567991022147
105.000000000000 182.000000000000 22.567991022146
105.000000000000 244.000000000000 22.567991022146
106.000000000000 182.000000000000 10.852058835895
106.000000000000 249.000000000000 10.852058835895
107.000000000000 182.000000000000 7.341785478726
107.000000000000 256.000000000000 7.341785478726
108.000000000000 181.000000000000 260.059680845416
108.000000000000 182.000000000000 25.675189748180
108.000000000000 261.000000000000 260.059680845416
108.000000000000 262.000000000000 25.675189748180
109.000000000000 187.000000000000 97.783017051055
109.000000000000 188.000000000000 96.227679927055
109.000000000000 211.000000000000 97.783017051055
109.000000000000 212.000000000000 96.227679927055
110.000000000000 187.000000000000 6.406187211075
110.000000000000 188.000000000000 33.690665266036
110.000000000000 217.000000000000 6.406187211075
110.000000000000 218.000000000000 33.690665266036
111.000000000000 187.000000000000 7.145327279438
111.000000000000 188.000000000000 162.646146842250
111.000000000000 224.000000000000 7.145327279438
111.000000000000 225.000000000000 162.646146842250
112.000000000000 187.000000000000 10.840831691232
112.000000000000 229.000000000000 10.840831691232
113.000000000000 187.000000000000 24.695058338162
113.000000000000 233.000000000000 24.695058338162
118.000000000000 186.000000000000 24.695058338164
118.000000000000 240.000000000000 24.695058338164
119.000000000000 186.000000000000 10.840831691232
119.000000000000 244.000000000000 10.840831691232
120.000000000000 185.000000000000 162.646146841649
120.000000000000 186.000000000000 7.145327279438
120.000000000000 248.000000000000 162.646146841649
120.000000000000 249.000000000000 7.145327279438
121.000000000000 185.000000000000 33.690665266035
121.000000000000 186.000000000000 6.406187211075
121.000000000000 255.000000000000 33.690665266035
121.000000000000 256.000000000000 6.406187211075
122.000000000000 185.000000000000 96.227679927066
122.000000000000 186.000000000000 97.783017051050
122.000000000000 261.000000000000 96.227679927066
122.000000000000 262.000000000000 97.783017051050
123.000000000000 192.000000000000 8.427447105096
123.000000000000 193.000000000000 19.711188440029
123.000000000000 194.000000000000 251.411589772318
123.000000000000 217.000000000000 8.427447105096
123.000000000000 218.000000000000 19.711188440029
123.000000000000 219.000000000000 251.411589772318
124.000000000000 192.000000000000 7.284798742116
124.000000000000 193.000000000000 32.635350587863
124.000000000000 224.000000000000 7.284798742116
124.000000000000 225.000000000000 32.635350587863
125.000000000000 192.000000000000 10.180849077690
125.000000000000 193.000000000000 110.586185799317
125.000000000000 229.000000000000 10.180849077690
125.000000000000 230.000000000000 110.586185799317
126.000000000000 192.000000000000 17.692352242651
126.000000000000 233.000000000000 17.692352242651
127.000000000000 192.000000000000 84.658159197637
127.000000000000 236.000000000000 84.658159197637
130.000000000000 191.000000000000 84.658159197943
130.000000000000 237.000000000000 84.658159197943
131.000000000000 191.000000000000 17.692352242651
131.000000000000 240.000000000000 17.692352242651
132.000000000000 190.000000000000 110.586185799296
132.000000000000 191.000000000000 10.180849077690
132.000000000000 243.000000000000 110.586185799296
132.000000000000 244.000000000000 10.180849077690
133.000000000000 190.000000000000 32.635350587863
133.000000000000 191.000000000000 7.284798742117
133.000000000000 248.000000000000 32.635350587863
133.000000000000 249.000000000000 7.284798742117
134.000000000000 189.000000000000 251.411589772049
134.000000000000 190.000000000000 19.711188440029
134.000000000000 191.000000000000 8.427447105096
134.000000000000 254.000000000000 251.411589772049
134.000000000000 255.000000000000 19.711188440029
134.000000000000 256.000000000000 8.427447105096
135.000000000000 199.000000000000 14.362308394972
135.000000000000 200.000000000000 23.475199679358
135.000000000000 201.000000000000 66.236270315509
135.000000000000 217.000000000000 14.362308394972
135.000000000000 218.000000000000 23.475199679358
135.000000000000 219.000000000000 66.236270315509
136.000000000000 199.000000000000 13.264892144346
136.000000000000 200.000000000000 34.241687636818
136.000000000000 201.000000000000 178.352146658303
136.000000000000 224.000000000000 13.264892144346
136.000000000000 225.000000000000 34.241687636818
136.000000000000 226.000000000000 178.352146658303
137.000000000000 199.000000000000 18.968217429279
137.000000000000 200.000000000000 64.633707978568
137.000000000000 229.000000000000 18.968217429279
137.000000000000 230.000000000000 64.633707978568
138.000000000000 199.000000000000 32.597227313168
138.000000000000 200.000000000000 477.556832382504
138.000000000000 233.000000000000 32.597227313168
138.000000000000 234.000000000000 477.556832382504
139.000000000000 199.000000000000 94.737695592195
139.000000000000 236.000000000000 94.737695592195
140.000000000000 198.000000000000 94.737695592197
140.000000000000 237.000000000000 94.737695592197
141.000000000000 197.000000000000 477.556832381863
141.000000000000 198.000000000000 32.597227313170
141.000000000000 239.000000000000 477.556832381863
141.000000000000 240.000000000000 32.597227313170
142.000000000000 197.000000000000 64.633707978566
142.000000000000 198.000000000000 18.968217429279
142.000000000000 243.000000000000 64.633707978566
142.000000000000 244.000000000000 18.968217429279
143.000000000000 196.000000000000 178.352146658383
143.000000000000 197.000000000000 34.241687636817
143.000000000000 198.000000000000 13.264892144346
143.000000000000 247.000000000000 178.352146658383
143.000000000000 248.000000000000 34.241687636817
143.000000000000 249.000000000000 13.264892144346
144.000000000000 196.000000000000 66.236270315509
144.000000000000 197.000000000000 23.475199679358
144.000000000000 198.000000000000 14.362308394972
144.000000000000 254.000000000000 66.236270315509
144.000000000000 255.000000000000 23.475199679358
144.000000000000 256.000000000000 14.362308394972
145.000000000000 206.000000000000 106.474859027414
145.000000000000 207.000000000000 133.905724272176
145.000000000000 208.000000000000 362.184416649303
145.000000000000 218.000000000000 106.474859027414
145.000000000000 219.000000000000 133.905724272176
145.000000000000 220.000000000000 362.184416649303
146.000000000000 206.000000000000 247.247226518860
146.000000000000 207.000000000000 247.880039104209
146.000000000000 208.000000000000 6435.031745536933
146.000000000000 225.000000000000 247.247226518860
146.000000000000 226.000000000000 247.880039104209
147.000000000000 203.000000000000 6435.031745529410
147.000000000000 204.000000000000 247.880039104223
147.000000000000 205.000000000000 247.247226518871
147.000000000000 247.000000000000 247.880039104223
147.000000000000 248.000000000000 247.247226518871
148.000000000000 203.000000000000 362.184416649250
148.000000000000 204.000000000000 133.905724272182
148.000000000000 205.000000000000 106.474859027418
148.000000000000 253.000000000000 362.184416649250
148.000000000000 254.000000000000 133.905724272182
148.000000000000 255.000000000000 106.474859027418
149.000000000000 213.000000000000 362.184416649291
150.000000000000 214.000000000000 133.905724272168
150.000000000000 221.000000000000 247.880039104340
151.000000000000 215.000000000000 106.474859027415
151.000000000000 222.000000000000 247.247226518854
152.000000000000 251.000000000000 247.247226518875
152.000000000000 258.000000000000 106.474859027418
153.000000000000 252.000000000000 247.880039104277
153.000000000000 259.000000000000 133.905724272178
154.000000000000 260.000000000000 362.184416649196
156.000000000000 214.000000000000 66.236270315510
156.000000000000 221.000000000000 178.352146658328
157.000000000000 215.000000000000 23.475199679358
157.000000000000 222.000000000000 34.241687636817
157.000000000000 227.000000000000 64.633707978567
157.000000000000 231.000000000000 477.556832382586
158.000000000000 216.000000000000 14.362308394972
158.000000000000 223.000000000000 13.264892144346
158.000000000000 228.000000000000 18.968217429279
158.000000000000 232.000000000000 32.597227313164
158.000000000000 235.000000000000 94.737695592188
159.000000000000 238.000000000000 94.737695592201
159.000000000000 241.000000000000 32.597227313163
159.000000000000 245.000000000000 18.968217429279
159.000000000000 250.000000000000 13.264892144346
159.000000000000 257.000000000000 14.362308394972
160.000000000000 242.000000000000 477.556832382158
160.000000000000 246.000000000000 64.633707978567
160.000000000000 251.000000000000 34.241687636818
160.000000000000 258.000000000000 23.475199679358
161.000000000000 252.000000000000 178.352146658355
161.000000000000 259.000000000000 66.236270315511
163.000000000000 214.000000000000 251.411589772295
164.000000000000 215.000000000000 19.711188440029
164.000000000000 222.000000000000 32.635350587863
164.000000000000 227.000000000000 110.586185799343
165.000000000000 216.000000000000 8.427447105096
165.000000000000 223.000000000000 7.284798742116
165.000000000000 228.000000000000 10.180849077690
165.000000000000 232.000000000000 17.692352242652
165.000000000000 235.000000000000 84.658159197436
166.000000000000 238.000000000000 84.658159197722
166.000000000000 241.000000000000 17.692352242652
166.000000000000 245.000000000000 10.180849077690
166.000000000000 250.000000000000 7.284798742116
166.000000000000 257.000000000000 8.427447105096
167.000000000000 246.000000000000 110.586185799307
167.000000000000 251.000000000000 32.635350587863
167.000000000000 258.000000000000 19.711188440028
168.000000000000 259.000000000000 251.411589772216
169.000000000000 209.000000000000 96.227679927056
169.000000000000 215.000000000000 33.690665266035
169.000000000000 222.000000000000 162.646146842207
170.000000000000 210.000000000000 97.783017051059
170.000000000000 216.000000000000 6.406187211075
170.000000000000 223.000000000000 7.145327279438
170.000000000000 228.000000000000 10.840831691232
170.000000000000 232.000000000000 24.695058338162
171.000000000000 241.000000000000 24.695058338162
171.000000000000 245.000000000000 10.840831691232
171.000000000000 250.000000000000 7.145327279438
171.000000000000 257.000000000000 6.406187211074
171.000000000000 263.000000000000 97.783017051060
172.000000000000 251.000000000000 162.646146842280
172.000000000000 258.000000000000 33.690665266036
172.000000000000 264.000000000000 96.227679927056
173.000000000000 209.000000000000 260.059680845387
174.000000000000 210.000000000000 25.675189748179
174.000000000000 216.000000000000 7.341785478727
174.000000000000 223.000000000000 10.852058835895
174.000000000000 228.000000000000 22.567991022145
175.000000000000 245.000000000000 22.567991022146
175.000000000000 250.000000000000 10.852058835895
175.000000000000 257.000000000000 7.341785478726
175.000000000000 263.000000000000 25.675189748180
176.000000000000 264.000000000000 260.059680845329
177.000000000000 210.000000000000 16.900083357257
177.000000000000 216.000000000000 25.729049886605
177.000000000000 223.000000000000 429.473018096873
178.000000000000 250.000000000000 429.473018091648
178.000000000000 257.000000000000 25.729049886605
178.000000000000 263.000000000000 16.900083357258
179.000000000000 249.000000000000 429.473018092534
179.000000000000 256.000000000000 25.729049886606
179.000000000000 262.000000000000 16.900083357258
180.000000000000 211.000000000000 16.900083357257
180.000000000000 217.000000000000 25.729049886605
180.000000000000 224.000000000000 429.473018091966
181.000000000000 261.000000000000 260.059680845416
182.000000000000 244.000000000000 22.567991022146
182.000000000000 249.000000000000 10.852058835895
182.000000000000 256.000000000000 7.341785478726
182.000000000000 262.000000000000 25.675189748180
183.000000000000 211.000000000000 25.675189748179
183.000000000000 217.000000000000 7.341785478726
183.000000000000 224.000000000000 10.852058835895
183.000000000000 229.000000000000 22.567991022147
184.000000000000 212.000000000000 260.059680845269
185.000000000000 248.000000000000 162.646146841649
185.000000000000 255.000000000000 33.690665266035
185.000000000000 261.000000000000 96.227679927066
186.000000000000 240.000000000000 24.695058338164
186.000000000000 244.000000000000 10.840831691232
186.000000000000 249.000000000000 7.145327279438
186.000000000000 256.000000000000 6.406187211075
186.000000000000 262.000000000000 97.783017051050
187.000000000000 211.000000000000 97.783017051055
187.000000000000 217.000000000000 6.406187211075
187.000000000000 224.000000000000 7.145327279438
187.000000000000 229.000000000000 10.840831691232
187.000000000000 233.000000000000 24.695058338162
188.000000000000 212.000000000000 96.227679927055
188.000000000000 218.000000000000 33.690665266036
188.000000000000 225.000000000000 162.646146842250
189.000000000000 254.000000000000 251.411589772049
190.000000000000 243.000000000000 110.586185799296
190.000000000000 248.000000000000 32.635350587863
190.000000000000 255.000000000000 19.711188440029
191.000000000000 237.000000000000 84.658159197943
191.000000000000 240.000000000000 17.692352242651
191.000000000000 244.000000000000 10.180849077690
191.000000000000 249.000000000000 7.284798742117
191.000000000000 256.000000000000 8.427447105096
192.000000000000 217.000000000000 8.427447105096
192.000000000000 224.000000000000 7.284798742116
192.000000000000 229.000000000000 10.180849077690
192.000000000000 233.000000000000 17.692352242651
192.000000000000 236.000000000000 84.658159197637
193.000000000000 218.000000000000 19.711188440029
193.000000000000 225.000000000000 32.635350587863
193.000000000000 230.000000000000 110.586185799317
194.000000000000 219.000000000000 251.411589772318
196.000000000000 247.000000000000 178.352146658383
196.000000000000 254.000000000000 66.236270315509
197.000000000000 239.000000000000 477.556832381863
197.000000000000 243.000000000000 64.633707978566
197.000000000000 248.000000000000 34.241687636817
197.000000000000 255.000000000000 23.475199679358
198.000000000000 237.000000000000 94.737695592197
198.000000000000 240.000000000000 32.597227313170
198.000000000000 244.000000000000 18.968217429279
198.000000000000 249.000000000000 13.264892144346
198.000000000000 256.000000000000 14.362308394972
199.000000000000 217.000000000000 14.362308394972
199.000000000000 224.000000000000 13.264892144346
199.000000000000 229.000000000000 18.968217429279
199.000000000000 233.000000000000 32.597227313168
199.000000000000 236.000000000000 94.737695592195
200.000000000000 218.000000000000 23.475199679358
200.000000000000 225.000000000000 34.241687636818
200.000000000000 230.000000000000 64.633707978568
200.000000000000 234.000000000000 477.556832382504
201.000000000000 219.000000000000 66.236270315509
201.000000000000 226.000000000000 178.352146658303
203.000000000000 253.000000000000 362.184416649250
204.000000000000 247.000000000000 247.880039104223
204.000000000000 254.000000000000 133.905724272182
205.000000000000 248.000000000000 247.247226518871
205.000000000000 255.000000000000 106.474859027418
206.000000000000 218.000000000000 106.474859027414
206.000000000000 225.000000000000 247.247226518860
207.000000000000 219.000000000000 133.905724272176
207.000000000000 226.000000000000 247.880039104209
208.000000000000 220.000000000000 362.184416649303
