7979.000000000000 7980.000000000000 248.045070488377
7979.000000000000 8010.000000000000 3398.608081386832
7980.000000000000 7981.000000000000 120.190291657245
7980.000000000000 8011.000000000000 190.892881700056
7980.000000000000 8941.000000000000 100.070997293844
7981.000000000000 8012.000000000000 176.861042777568
7981.000000000000 8942.000000000000 64.975029353041
8010.000000000000 8011.000000000000 3341.455892598510
8011.000000000000 8012.000000000000 247.563632820379
8011.000000000000 8042.000000000000 622.460355117666
8011.000000000000 8972.000000000000 213.116092885460
8012.000000000000 8973.000000000000 140.744457081439
8296.000000000000 8327.000000000000 622.460355117149
8326.000000000000 8327.000000000000 247.563632820412
8326.000000000000 8357.000000000000 176.861042777571
8326.000000000000 9287.000000000000 140.744457081448
8327.000000000000 8328.000000000000 3341.455892360321
8327.000000000000 8358.000000000000 190.892881700076
8327.000000000000 9288.000000000000 213.116092885505
8328.000000000000 8359.000000000000 3398.608081148586
8357.000000000000 8358.000000000000 120.190291657235
8357.000000000000 9318.000000000000 64.975029353034
8358.000000000000 8359.000000000000 248.045070488341
8358.000000000000 9319.000000000000 100.070997293841
8941.000000000000 8942.000000000000 44.855734989640
8941.000000000000 8972.000000000000 122.294208479248
8941.000000000000 9902.000000000000 158.823930036210
8942.000000000000 8943.000000000000 18.918754037017
8942.000000000000 8973.000000000000 28.858443656912
8942.000000000000 9903.000000000000 21.593194059547
8943.000000000000 8974.000000000000 13.813600269570
8943.000000000000 9904.000000000000 11.394877750033
8972.000000000000 8973.000000000000 106.296917146520
8973.000000000000 8974.000000000000 23.753289889464
8973.000000000000 9004.000000000000 49.437697777748
8973.000000000000 9934.000000000000 33.438519111175
8974.000000000000 9005.000000000000 16.116554777003
8974.000000000000 9935.000000000000 10.274845443143
9004.000000000000 9005.000000000000 41.800962665287
9004.000000000000 9035.000000000000 271.095270151994
9004.000000000000 9965.000000000000 87.609946860037
9005.000000000000 9036.000000000000 25.782722334680
9005.000000000000 9966.000000000000 14.574533243761
9035.000000000000 9036.000000000000 255.077029821387
9036.000000000000 9067.000000000000 63.667461425853
9036.000000000000 9997.000000000000 25.144789747836
9067.000000000000 9068.000000000000 1218.178477866447
9067.000000000000 10028.000000000000 89.697927403131
9193.000000000000 9224.000000000000 63.667461425852
9193.000000000000 10154.000000000000 89.697927403152
9224.000000000000 9225.000000000000 255.077029823795
9224.000000000000 9255.000000000000 25.782722334680
9224.000000000000 10185.000000000000 25.144789747836
9225.000000000000 9256.000000000000 271.095270154406
9255.000000000000 9256.000000000000 41.800962665291
9255.000000000000 9286.000000000000 16.116554777003
9255.000000000000 10216.000000000000 14.574533243761
9256.000000000000 9287.000000000000 49.437697777752
9256.000000000000 10217.000000000000 87.609946860035
9286.000000000000 9287.000000000000 23.753289889464
9286.000000000000 9317.000000000000 13.813600269570
9286.000000000000 10247.000000000000 10.274845443143
9287.000000000000 9288.000000000000 106.296917146541
9287.000000000000 9318.000000000000 28.858443656912
9287.000000000000 10248.000000000000 33.438519111175
9288.000000000000 9319.000000000000 122.294208479269
9317.000000000000 9318.000000000000 18.918754037018
9317.000000000000 10278.000000000000 11.394877750033
9318.000000000000 9319.000000000000 44.855734989640
9318.000000000000 10279.000000000000 21.593194059547
9319.000000000000 10280.000000000000 158.823930036230
9902.000000000000 9903.000000000000 135.561389106116
9903.000000000000 9904.000000000000 14.069317772562
9903.000000000000 9934.000000000000 26.173269513810
9903.000000000000 10864.000000000000 26.700926849918
9904.000000000000 9935.000000000000 7.856122923606
9904.000000000000 10865.000000000000 7.416817158085
9934.000000000000 9935.000000000000 19.960074664854
9934.000000000000 9965.000000000000 71.610768193463
9934.000000000000 10895.000000000000 97.640748771373
9935.000000000000 9966.000000000000 8.732823909901
9935.000000000000 10896.000000000000 7.215063010777
9965.000000000000 9966.000000000000 60.383517438511
9966.000000000000 9967.000000000000 689.100910427689
9966.000000000000 9997.000000000000 13.936600656917
9966.000000000000 10927.000000000000 10.510840384459
9997.000000000000 9998.000000000000 691.976408446800
9997.000000000000 10028.000000000000 51.175255725114
9997.000000000000 10958.000000000000 21.193705277229
10028.000000000000 10029.000000000000 714.156247178549
10154.000000000000 10185.000000000000 51.175255725136
10185.000000000000 10216.000000000000 13.936600656917
10185.000000000000 11146.000000000000 21.193705277228
10216.000000000000 10217.000000000000 60.383517438505
10216.000000000000 10247.000000000000 8.732823909901
10216.000000000000 11177.000000000000 10.510840384459
10217.000000000000 10248.000000000000 71.610768193458
10247.000000000000 10248.000000000000 19.960074664854
10247.000000000000 10278.000000000000 7.856122923606
10247.000000000000 11208.000000000000 7.215063010777
10248.000000000000 10279.000000000000 26.173269513810
10248.000000000000 11209.000000000000 97.640748771387
10278.000000000000 10279.000000000000 14.069317772562
10278.000000000000 11239.000000000000 7.416817158085
10279.000000000000 10280.000000000000 135.561389106136
10279.000000000000 11240.000000000000 26.700926849918
10833.000000000000 10834.000000000000 97.005348489058
10833.000000000000 10864.000000000000 64.959172593434
10833.000000000000 11794.000000000000 178.143680391141
10834.000000000000 10865.000000000000 52.094602131066
10834.000000000000 11795.000000000000 61.729103399618
10864.000000000000 10865.000000000000 20.048426235442
10864.000000000000 10895.000000000000 98.168406107482
10865.000000000000 10896.000000000000 6.775757245256
10865.000000000000 11826.000000000000 6.873986345742
10895.000000000000 10896.000000000000 84.895737117297
10896.000000000000 10927.000000000000 8.993079485335
10896.000000000000 11857.000000000000 8.998693057666
10927.000000000000 10928.000000000000 606.781357549486
10927.000000000000 10958.000000000000 17.767945004770
10927.000000000000 11888.000000000000 16.704411356919
11146.000000000000 11177.000000000000 17.767945004769
11177.000000000000 11208.000000000000 8.993079485335
11177.000000000000 12138.000000000000 16.704411356920
11208.000000000000 11209.000000000000 84.895737117310
11208.000000000000 11239.000000000000 6.775757245256
11208.000000000000 12169.000000000000 8.998693057666
11209.000000000000 11240.000000000000 98.168406107496
11239.000000000000 11240.000000000000 20.048426235442
11239.000000000000 11270.000000000000 52.094602131070
11239.000000000000 12200.000000000000 6.873986345742
11240.000000000000 11271.000000000000 64.959172593435
11270.000000000000 11271.000000000000 97.005348489063
11270.000000000000 12231.000000000000 61.729103399622
11271.000000000000 12232.000000000000 178.143680391136
11794.000000000000 11795.000000000000 142.867435301701
11795.000000000000 11826.000000000000 16.508487614295
11795.000000000000 12756.000000000000 21.287636552718
11826.000000000000 11857.000000000000 9.096922158152
11826.000000000000 12787.000000000000 16.535417672445
11857.000000000000 11888.000000000000 16.710024929250
11857.000000000000 12818.000000000000 220.162538472645
12138.000000000000 12169.000000000000 16.710024929251
12169.000000000000 12200.000000000000 9.096922158152
12169.000000000000 13130.000000000000 220.162538464496
12200.000000000000 12231.000000000000 16.508487614295
12200.000000000000 13161.000000000000 16.535417672445
12230.000000000000 12231.000000000000 25.879100676649
12231.000000000000 12232.000000000000 142.867435301695
12231.000000000000 13192.000000000000 21.287636552719
12756.000000000000 12787.000000000000 21.314566610869
12787.000000000000 12788.000000000000 525110.373625205710
12787.000000000000 12818.000000000000 227.601033986938
12818.000000000000 12819.000000000000 689.828253960016
13130.000000000000 13161.000000000000 227.601033978789
13161.000000000000 13192.000000000000 21.314566610869
16602.000000000000 16633.000000000000 21.314566610869
16602.000000000000 17563.000000000000 21.287636552718
16633.000000000000 16664.000000000000 227.601033984690
16633.000000000000 17594.000000000000 16.535417672445
16664.000000000000 17625.000000000000 220.162538470397
16972.000000000000 16973.000000000000 238.880061523706
16972.000000000000 17003.000000000000 227.601033982022
16972.000000000000 17933.000000000000 220.162538467728
17003.000000000000 17034.000000000000 21.314566610869
17003.000000000000 17964.000000000000 16.535417672446
17034.000000000000 17995.000000000000 21.287636552719
17563.000000000000 17564.000000000000 142.867435301694
17563.000000000000 17594.000000000000 16.508487614294
17563.000000000000 18524.000000000000 61.729103399618
17564.000000000000 18525.000000000000 178.143680391132
17594.000000000000 17625.000000000000 9.096922158152
17594.000000000000 18555.000000000000 6.873986345742
17625.000000000000 17656.000000000000 16.710024929251
17625.000000000000 18586.000000000000 8.998693057666
17656.000000000000 18617.000000000000 16.704411356919
17902.000000000000 17933.000000000000 16.710024929251
17902.000000000000 18863.000000000000 16.704411356920
17933.000000000000 17964.000000000000 9.096922158152
17933.000000000000 18894.000000000000 8.998693057666
17964.000000000000 17965.000000000000 6.425281732676
17964.000000000000 17995.000000000000 16.508487614295
17964.000000000000 18925.000000000000 6.873986345742
17994.000000000000 17995.000000000000 142.867435301725
17994.000000000000 18955.000000000000 178.143680391168
17995.000000000000 17996.000000000000 345.012695252934
17995.000000000000 18956.000000000000 61.729103399619
18524.000000000000 18525.000000000000 97.005348489056
18524.000000000000 18555.000000000000 52.094602131066
18525.000000000000 18556.000000000000 64.959172593432
18555.000000000000 18556.000000000000 20.048426235442
18555.000000000000 18586.000000000000 6.775757245256
18555.000000000000 19516.000000000000 7.416817158086
18556.000000000000 18587.000000000000 98.168406107491
18556.000000000000 19517.000000000000 26.700926849919
18586.000000000000 18587.000000000000 84.895737117305
18586.000000000000 18617.000000000000 8.993079485335
18586.000000000000 19547.000000000000 7.215063010777
18587.000000000000 19548.000000000000 97.640748771382
18617.000000000000 18648.000000000000 17.767945004770
18617.000000000000 19578.000000000000 10.510840384459
18648.000000000000 19609.000000000000 21.193705277229
18832.000000000000 18863.000000000000 17.767945004770
18832.000000000000 19793.000000000000 21.193705277229
18863.000000000000 18864.000000000000 7.303959763087
18863.000000000000 18894.000000000000 8.993079485335
18863.000000000000 19824.000000000000 10.510840384459
18893.000000000000 18894.000000000000 84.895737117335
18893.000000000000 18924.000000000000 98.168406107521
18893.000000000000 19854.000000000000 97.640748771412
18894.000000000000 18895.000000000000 607.606164152395
18894.000000000000 18925.000000000000 6.775757245256
18894.000000000000 19855.000000000000 7.215063010777
18924.000000000000 18925.000000000000 20.048426235442
18924.000000000000 18955.000000000000 64.959172593438
18924.000000000000 19885.000000000000 26.700926849918
18925.000000000000 18956.000000000000 52.094602131067
18925.000000000000 19886.000000000000 7.416817158086
18955.000000000000 18956.000000000000 97.005348489063
19516.000000000000 19517.000000000000 14.069317772562
19516.000000000000 19547.000000000000 7.856122923606
19516.000000000000 20477.000000000000 11.394877750033
19517.000000000000 19518.000000000000 135.561389105982
19517.000000000000 19548.000000000000 26.173269513809
19517.000000000000 20478.000000000000 21.593194059547
19518.000000000000 20479.000000000000 158.823930036075
19547.000000000000 19548.000000000000 19.960074664854
19547.000000000000 19578.000000000000 8.732823909901
19547.000000000000 20508.000000000000 10.274845443143
19548.000000000000 19579.000000000000 71.610768193461
19548.000000000000 20509.000000000000 33.438519111175
19578.000000000000 19579.000000000000 60.383517438509
19578.000000000000 19609.000000000000 13.936600656918
19578.000000000000 20539.000000000000 14.574533243761
19579.000000000000 20540.000000000000 87.609946860039
19608.000000000000 19609.000000000000 691.976408591576
19609.000000000000 19640.000000000000 51.175255725106
19609.000000000000 20570.000000000000 25.144789747835
19640.000000000000 20601.000000000000 89.697927403122
19762.000000000000 19763.000000000000 714.157327810167
19762.000000000000 19793.000000000000 51.175255725115
19762.000000000000 20723.000000000000 89.697927403134
19793.000000000000 19824.000000000000 13.936600656918
19793.000000000000 20754.000000000000 25.144789747837
19823.000000000000 19824.000000000000 60.383517438491
19823.000000000000 19854.000000000000 71.610768193443
19823.000000000000 20784.000000000000 87.609946860022
19824.000000000000 19855.000000000000 8.732823909901
19824.000000000000 20785.000000000000 14.574533243761
19854.000000000000 19855.000000000000 19.960074664854
19854.000000000000 19885.000000000000 26.173269513810
19854.000000000000 20815.000000000000 33.438519111175
19855.000000000000 19886.000000000000 7.856122923606
19855.000000000000 20816.000000000000 10.274845443143
19884.000000000000 19885.000000000000 135.561389106200
19884.000000000000 20845.000000000000 158.823930036293
19885.000000000000 19886.000000000000 14.069317772562
19885.000000000000 20846.000000000000 21.593194059547
19886.000000000000 20847.000000000000 11.394877750033
20477.000000000000 20478.000000000000 18.918754037018
20477.000000000000 20508.000000000000 13.813600269569
20478.000000000000 20479.000000000000 44.855734989640
20478.000000000000 20509.000000000000 28.858443656912
20478.000000000000 21439.000000000000 64.975029353039
20479.000000000000 20510.000000000000 122.294208479246
20479.000000000000 21440.000000000000 100.070997293858
20508.000000000000 20509.000000000000 23.753289889464
20508.000000000000 20539.000000000000 16.116554777003
20509.000000000000 20510.000000000000 106.296917146517
20509.000000000000 20540.000000000000 49.437697777752
20509.000000000000 21470.000000000000 140.744457081444
20510.000000000000 21471.000000000000 213.116092885448
20539.000000000000 20540.000000000000 41.800962665290
20539.000000000000 20570.000000000000 25.782722334679
20540.000000000000 20571.000000000000 271.095270153704
20570.000000000000 20571.000000000000 255.077029823092
20570.000000000000 20601.000000000000 63.667461425851
20723.000000000000 20724.000000000000 1218.178281237673
20723.000000000000 20754.000000000000 63.667461425856
20753.000000000000 20754.000000000000 255.077029822171
20753.000000000000 20784.000000000000 271.095270152783
20754.000000000000 20785.000000000000 25.782722334681
20784.000000000000 20785.000000000000 41.800962665293
20784.000000000000 20815.000000000000 49.437697777754
20785.000000000000 20816.000000000000 16.116554777003
20814.000000000000 20815.000000000000 106.296917146514
20814.000000000000 20845.000000000000 122.294208479242
20814.000000000000 21775.000000000000 213.116092885498
20815.000000000000 20816.000000000000 23.753289889464
20815.000000000000 20846.000000000000 28.858443656912
20815.000000000000 21776.000000000000 140.744457081443
20816.000000000000 20817.000000000000 31.307395970691
20816.000000000000 20847.000000000000 13.813600269570
20845.000000000000 20846.000000000000 44.855734989640
20845.000000000000 21806.000000000000 100.070997293856
20846.000000000000 20847.000000000000 18.918754037018
20846.000000000000 21807.000000000000 64.975029353040
21439.000000000000 21440.000000000000 120.190291657257
21439.000000000000 21470.000000000000 176.861042777572
21440.000000000000 21441.000000000000 248.045070488390
21440.000000000000 21471.000000000000 190.892881700060
21441.000000000000 21472.000000000000 3398.608081317916
21470.000000000000 21471.000000000000 247.563632820375
21471.000000000000 21472.000000000000 3341.455892529586
21471.000000000000 21502.000000000000 622.460355117501
21744.000000000000 21775.000000000000 622.460355117789
21774.000000000000 21775.000000000000 3341.455892495269
21774.000000000000 21805.000000000000 3398.608081283536
21775.000000000000 21776.000000000000 247.563632820427
21775.000000000000 21806.000000000000 190.892881700112
21776.000000000000 21807.000000000000 176.861042777571
21805.000000000000 21806.000000000000 248.045070488379
21806.000000000000 21807.000000000000 120.190291657257
