1.000000000000 27.000000000000 2.574992448720
1.000000000000 28.000000000000 5.224615305781
1.000000000000 29.000000000000 7.966836219828
1.000000000000 30.000000000000 10.534940194622
1.000000000000 31.000000000000 12.879947141244
1.000000000000 32.000000000000 14.983684942669
1.000000000000 33.000000000000 16.836209066690
1.000000000000 34.000000000000 18.430811915270
1.000000000000 35.000000000000 19.762497249301
1.000000000000 36.000000000000 20.827410502749
1.000000000000 37.000000000000 21.622594995337
1.000000000000 38.000000000000 22.145876583228
1.000000000000 39.000000000000 22.395804471274
1.000000000000 40.000000000000 22.395804471274
1.000000000000 41.000000000000 22.145876583228
1.000000000000 42.000000000000 21.622594995337
1.000000000000 43.000000000000 20.827410502749
1.000000000000 44.000000000000 19.762497249301
1.000000000000 45.000000000000 18.430811915270
1.000000000000 46.000000000000 16.836209066690
1.000000000000 47.000000000000 14.983684942669
1.000000000000 48.000000000000 12.879947141245
1.000000000000 49.000000000000 10.534940194621
1.000000000000 50.000000000000 7.966836219828
1.000000000000 51.000000000000 5.224615305781
2.000000000000 27.000000000000 5.944054023771
2.000000000000 28.000000000000 2.534069354209
2.000000000000 29.000000000000 2.640026300246
2.000000000000 30.000000000000 3.148173574727
2.000000000000 31.000000000000 3.651988881397
2.000000000000 32.000000000000 4.123018308001
2.000000000000 33.000000000000 4.546455220022
2.000000000000 34.000000000000 4.913868280580
2.000000000000 35.000000000000 5.220058575420
2.000000000000 36.000000000000 5.461619456122
2.000000000000 37.000000000000 5.636229635996
2.000000000000 38.000000000000 5.742283167702
2.000000000000 39.000000000000 5.778684454375
2.000000000000 40.000000000000 5.778684454375
2.000000000000 41.000000000000 5.742283167702
2.000000000000 42.000000000000 5.636229635996
2.000000000000 43.000000000000 5.461619456122
2.000000000000 44.000000000000 5.220058575420
2.000000000000 45.000000000000 4.913868280580
2.000000000000 46.000000000000 4.546455220022
2.000000000000 47.000000000000 4.123018308001
2.000000000000 48.000000000000 3.651988881397
2.000000000000 49.000000000000 3.148173574727
2.000000000000 50.000000000000 2.640026300246
2.000000000000 51.000000000000 2.534069354209
3.000000000000 27.000000000000 9.791136788180
3.000000000000 28.000000000000 3.743474465805
3.000000000000 29.000000000000 2.543736167785
3.000000000000 30.000000000000 2.277536925480
3.000000000000 31.000000000000 2.484838533644
3.000000000000 32.000000000000 2.690686886746
3.000000000000 33.000000000000 2.882061001386
3.000000000000 34.000000000000 3.050432771973
3.000000000000 35.000000000000 3.190110903162
3.000000000000 36.000000000000 3.297205812431
3.000000000000 37.000000000000 3.369003457100
3.000000000000 38.000000000000 3.403585727795
3.000000000000 39.000000000000 3.399596491926
3.000000000000 40.000000000000 3.399596491926
3.000000000000 41.000000000000 3.403585727795
3.000000000000 42.000000000000 3.369003457100
3.000000000000 43.000000000000 3.297205812431
3.000000000000 44.000000000000 3.190110903162
3.000000000000 45.000000000000 3.050432771973
3.000000000000 46.000000000000 2.882061001386
3.000000000000 47.000000000000 2.690686886746
3.000000000000 48.000000000000 2.484838533644
3.000000000000 49.000000000000 2.277536925480
3.000000000000 50.000000000000 2.543736167785
3.000000000000 51.000000000000 3.743474465805
4.000000000000 27.000000000000 13.346177623446
4.000000000000 28.000000000000 4.932395635063
4.000000000000 29.000000000000 3.188558722266
4.000000000000 30.000000000000 2.476268197808
4.000000000000 31.000000000000 2.107257455592
4.000000000000 32.000000000000 2.196094389444
4.000000000000 33.000000000000 2.287177684055
4.000000000000 34.000000000000 2.367737350765
4.000000000000 35.000000000000 2.432724612392
4.000000000000 36.000000000000 2.478424735236
4.000000000000 37.000000000000 2.502098303475
4.000000000000 38.000000000000 2.501721099802
4.000000000000 39.000000000000 2.475800851524
4.000000000000 40.000000000000 2.475800851524
4.000000000000 41.000000000000 2.501721099802
4.000000000000 42.000000000000 2.502098303475
4.000000000000 43.000000000000 2.478424735236
4.000000000000 44.000000000000 2.432724612392
4.000000000000 45.000000000000 2.367737350765
4.000000000000 46.000000000000 2.287177684055
4.000000000000 47.000000000000 2.196094389444
4.000000000000 48.000000000000 2.107257455592
4.000000000000 49.000000000000 2.476268197808
4.000000000000 50.000000000000 3.188558722266
4.000000000000 51.000000000000 4.932395635063
5.000000000000 27.000000000000 16.556879934992
5.000000000000 28.000000000000 6.027008321714
5.000000000000 29.000000000000 3.802154753939
5.000000000000 30.000000000000 2.869088370005
5.000000000000 31.000000000000 2.371593155365
5.000000000000 32.000000000000 2.069756074339
5.000000000000 33.000000000000 2.008675518603
5.000000000000 34.000000000000 2.039156272286
5.000000000000 35.000000000000 2.060378290971
5.000000000000 36.000000000000 2.069142914072
5.000000000000 37.000000000000 2.062954450887
5.000000000000 38.000000000000 2.039879223127
5.000000000000 39.000000000000 1.998430182477
5.000000000000 40.000000000000 1.998430182477
5.000000000000 41.000000000000 2.039879223127
5.000000000000 42.000000000000 2.062954450887
5.000000000000 43.000000000000 2.069142914072
5.000000000000 44.000000000000 2.060378290971
5.000000000000 45.000000000000 2.039156272286
5.000000000000 46.000000000000 2.008675518603
5.000000000000 47.000000000000 2.069756074339
5.000000000000 48.000000000000 2.371593155365
5.000000000000 49.000000000000 2.869088370005
5.000000000000 50.000000000000 3.802154753939
5.000000000000 51.000000000000 6.027008321714
6.000000000000 27.000000000000 19.402906052209
6.000000000000 28.000000000000 7.002979059133
6.000000000000 29.000000000000 4.356525676934
6.000000000000 30.000000000000 3.230245883301
6.000000000000 31.000000000000 2.619292333482
6.000000000000 32.000000000000 2.241943716706
6.000000000000 33.000000000000 1.988251265899
6.000000000000 34.000000000000 1.858313528463
6.000000000000 35.000000000000 1.850599490764
6.000000000000 36.000000000000 1.834233633808
6.000000000000 37.000000000000 1.807065592432
6.000000000000 38.000000000000 1.767356131325
6.000000000000 39.000000000000 1.713714629718
6.000000000000 40.000000000000 1.713714629718
6.000000000000 41.000000000000 1.767356131325
6.000000000000 42.000000000000 1.807065592432
6.000000000000 43.000000000000 1.834233633808
6.000000000000 44.000000000000 1.850599490764
6.000000000000 45.000000000000 1.858313528463
6.000000000000 46.000000000000 1.988251265899
6.000000000000 47.000000000000 2.241943716706
6.000000000000 48.000000000000 2.619292333482
6.000000000000 49.000000000000 3.230245883301
6.000000000000 50.000000000000 4.356525676934
6.000000000000 51.000000000000 7.002979059133
7.000000000000 27.000000000000 21.876091983991
7.000000000000 28.000000000000 7.851032950118
7.000000000000 29.000000000000 4.840040675924
7.000000000000 30.000000000000 3.547172936683
7.000000000000 31.000000000000 2.838165936789
7.000000000000 32.000000000000 2.395055451093
7.000000000000 33.000000000000 2.093673472022
7.000000000000 34.000000000000 1.875459841335
7.000000000000 35.000000000000 1.722131255787
7.000000000000 36.000000000000 1.687372915237
7.000000000000 37.000000000000 1.644385896556
7.000000000000 38.000000000000 1.591656272795
7.000000000000 39.000000000000 1.527931434289
7.000000000000 40.000000000000 1.527931434289
7.000000000000 41.000000000000 1.591656272795
7.000000000000 42.000000000000 1.644385896556
7.000000000000 43.000000000000 1.687372915237
7.000000000000 44.000000000000 1.722131255787
7.000000000000 45.000000000000 1.875459841335
7.000000000000 46.000000000000 2.093673472022
7.000000000000 47.000000000000 2.395055451093
7.000000000000 48.000000000000 2.838165936789
7.000000000000 49.000000000000 3.547172936683
7.000000000000 50.000000000000 4.840040675924
7.000000000000 51.000000000000 7.851032950118
8.000000000000 27.000000000000 23.975506354935
8.000000000000 28.000000000000 8.568319366314
8.000000000000 29.000000000000 5.248194507287
8.000000000000 30.000000000000 3.814367320554
8.000000000000 31.000000000000 3.022364550578
8.000000000000 32.000000000000 2.523404758999
8.000000000000 33.000000000000 2.181294684600
8.000000000000 34.000000000000 1.931780863034
8.000000000000 35.000000000000 1.740526008306
8.000000000000 36.000000000000 1.589771548618
8.000000000000 37.000000000000 1.534245177188
8.000000000000 38.000000000000 1.470861404626
8.000000000000 39.000000000000 1.398514192190
8.000000000000 40.000000000000 1.398514192190
8.000000000000 41.000000000000 1.470861404626
8.000000000000 42.000000000000 1.534245177188
8.000000000000 43.000000000000 1.589771548618
8.000000000000 44.000000000000 1.740526008306
8.000000000000 45.000000000000 1.931780863034
8.000000000000 46.000000000000 2.181294684600
8.000000000000 47.000000000000 2.523404758999
8.000000000000 48.000000000000 3.022364550578
8.000000000000 49.000000000000 3.814367320554
8.000000000000 50.000000000000 5.248194507287
8.000000000000 51.000000000000 8.568319366314
9.000000000000 27.000000000000 25.704801960663
9.000000000000 28.000000000000 9.155221250359
9.000000000000 29.000000000000 5.579937832088
9.000000000000 30.000000000000 4.029892066748
9.000000000000 31.000000000000 3.169455825130
9.000000000000 32.000000000000 2.624374507613
9.000000000000 33.000000000000 2.248543105011
9.000000000000 34.000000000000 1.973045662234
9.000000000000 35.000000000000 1.761058819678
9.000000000000 36.000000000000 1.591067470637
9.000000000000 37.000000000000 1.455720438043
9.000000000000 38.000000000000 1.383313984000
9.000000000000 39.000000000000 1.303406919609
9.000000000000 40.000000000000 1.303406919609
9.000000000000 41.000000000000 1.383313984000
9.000000000000 42.000000000000 1.455720438043
9.000000000000 43.000000000000 1.591067470637
9.000000000000 44.000000000000 1.761058819678
9.000000000000 45.000000000000 1.973045662234
9.000000000000 46.000000000000 2.248543105011
9.000000000000 47.000000000000 2.624374507613
9.000000000000 48.000000000000 3.169455825130
9.000000000000 49.000000000000 4.029892066748
9.000000000000 50.000000000000 5.579937832088
9.000000000000 51.000000000000 9.155221250360
10.000000000000 27.000000000000 27.070163979345
10.000000000000 28.000000000000 9.613715540550
10.000000000000 29.000000000000 5.835892706510
10.000000000000 30.000000000000 4.193575572884
10.000000000000 31.000000000000 3.278766733227
10.000000000000 32.000000000000 2.696996294249
10.000000000000 33.000000000000 2.294307540100
10.000000000000 34.000000000000 1.998107064728
10.000000000000 35.000000000000 1.769625702929
10.000000000000 36.000000000000 1.586228773486
10.000000000000 37.000000000000 1.433781458570
10.000000000000 38.000000000000 1.316717873120
10.000000000000 39.000000000000 1.230055804538
10.000000000000 40.000000000000 1.230055804538
10.000000000000 41.000000000000 1.316717873120
10.000000000000 42.000000000000 1.433781458570
10.000000000000 43.000000000000 1.586228773486
10.000000000000 44.000000000000 1.769625702929
10.000000000000 45.000000000000 1.998107064728
10.000000000000 46.000000000000 2.294307540100
10.000000000000 47.000000000000 2.696996294249
10.000000000000 48.000000000000 3.278766733227
10.000000000000 49.000000000000 4.193575572884
10.000000000000 50.000000000000 5.835892706510
10.000000000000 51.000000000000 9.613715540550
11.000000000000 27.000000000000 28.078590298842
11.000000000000 28.000000000000 9.946332248515
11.000000000000 29.000000000000 6.017331378173
11.000000000000 30.000000000000 4.305987615497
11.000000000000 31.000000000000 3.350403633537
11.000000000000 32.000000000000 2.741060678405
11.000000000000 33.000000000000 2.318166254209
11.000000000000 34.000000000000 2.006403417975
11.000000000000 35.000000000000 1.765570950580
11.000000000000 36.000000000000 1.572217704578
11.000000000000 37.000000000000 1.411717592132
11.000000000000 38.000000000000 1.274461402546
11.000000000000 39.000000000000 1.170761543991
11.000000000000 40.000000000000 1.170761543991
11.000000000000 41.000000000000 1.274461402546
11.000000000000 42.000000000000 1.411717592132
11.000000000000 43.000000000000 1.572217704578
11.000000000000 44.000000000000 1.765570950580
11.000000000000 45.000000000000 2.006403417975
11.000000000000 46.000000000000 2.318166254209
11.000000000000 47.000000000000 2.741060678405
11.000000000000 48.000000000000 3.350403633537
11.000000000000 49.000000000000 4.305987615497
11.000000000000 50.000000000000 6.017331378173
11.000000000000 51.000000000000 9.946332248515
12.000000000000 27.000000000000 28.736492493282
12.000000000000 28.000000000000 10.155434074999
12.000000000000 29.000000000000 6.125535042071
12.000000000000 30.000000000000 4.367816733238
12.000000000000 31.000000000000 3.384653644586
12.000000000000 32.000000000000 2.756560732193
12.000000000000 33.000000000000 2.319889297598
12.000000000000 34.000000000000 1.997530595751
12.000000000000 35.000000000000 1.748348065310
12.000000000000 36.000000000000 1.548362729640
12.000000000000 37.000000000000 1.382634772721
12.000000000000 38.000000000000 1.241362404172
12.000000000000 39.000000000000 1.120473952445
12.000000000000 40.000000000000 1.120473952445
12.000000000000 41.000000000000 1.241362404172
12.000000000000 42.000000000000 1.382634772721
12.000000000000 43.000000000000 1.548362729640
12.000000000000 44.000000000000 1.748348065310
12.000000000000 45.000000000000 1.997530595751
12.000000000000 46.000000000000 2.319889297598
12.000000000000 47.000000000000 2.756560732193
12.000000000000 48.000000000000 3.384653644586
12.000000000000 49.000000000000 4.367816733238
12.000000000000 50.000000000000 6.125535042071
12.000000000000 51.000000000000 10.155434074999
13.000000000000 27.000000000000 29.048638764763
13.000000000000 28.000000000000 10.242719673460
13.000000000000 29.000000000000 6.161381861157
13.000000000000 30.000000000000 4.379483600133
13.000000000000 31.000000000000 3.381615888126
13.000000000000 32.000000000000 2.743346692638
13.000000000000 33.000000000000 2.299124655159
13.000000000000 34.000000000000 1.970966500457
13.000000000000 35.000000000000 1.717286962621
13.000000000000 36.000000000000 1.513859988360
13.000000000000 37.000000000000 1.345603350343
13.000000000000 38.000000000000 1.202630503166
13.000000000000 39.000000000000 1.078190961457
13.000000000000 40.000000000000 1.078190961457
13.000000000000 41.000000000000 1.202630503166
13.000000000000 42.000000000000 1.345603350343
13.000000000000 43.000000000000 1.513859988360
13.000000000000 44.000000000000 1.717286962621
13.000000000000 45.000000000000 1.970966500457
13.000000000000 46.000000000000 2.299124655159
13.000000000000 47.000000000000 2.743346692638
13.000000000000 48.000000000000 3.381615888126
13.000000000000 49.000000000000 4.379483600133
13.000000000000 50.000000000000 6.161381861157
13.000000000000 51.000000000000 10.242719673460
14.000000000000 27.000000000000 29.048638764763
14.000000000000 28.000000000000 10.242719673460
14.000000000000 29.000000000000 6.161381861157
14.000000000000 30.000000000000 4.379483600133
14.000000000000 31.000000000000 3.381615888126
14.000000000000 32.000000000000 2.743346692638
14.000000000000 33.000000000000 2.299124655159
14.000000000000 34.000000000000 1.970966500457
14.000000000000 35.000000000000 1.717286962621
14.000000000000 36.000000000000 1.513859988360
14.000000000000 37.000000000000 1.345603350343
14.000000000000 38.000000000000 1.202630503166
14.000000000000 39.000000000000 1.078190961457
14.000000000000 40.000000000000 1.078190961457
14.000000000000 41.000000000000 1.202630503166
14.000000000000 42.000000000000 1.345603350343
14.000000000000 43.000000000000 1.513859988360
14.000000000000 44.000000000000 1.717286962621
14.000000000000 45.000000000000 1.970966500457
14.000000000000 46.000000000000 2.299124655159
14.000000000000 47.000000000000 2.743346692638
14.000000000000 48.000000000000 3.381615888126
14.000000000000 49.000000000000 4.379483600133
14.000000000000 50.000000000000 6.161381861157
14.000000000000 51.000000000000 10.242719673460
15.000000000000 27.000000000000 28.736492493282
15.000000000000 28.000000000000 10.155434074999
15.000000000000 29.000000000000 6.125535042071
15.000000000000 30.000000000000 4.367816733238
15.000000000000 31.000000000000 3.384653644586
15.000000000000 32.000000000000 2.756560732193
15.000000000000 33.000000000000 2.319889297598
15.000000000000 34.000000000000 1.997530595751
15.000000000000 35.000000000000 1.748348065310
15.000000000000 36.000000000000 1.548362729640
15.000000000000 37.000000000000 1.382634772721
15.000000000000 38.000000000000 1.241362404172
15.000000000000 39.000000000000 1.120473952445
15.000000000000 40.000000000000 1.120473952445
15.000000000000 41.000000000000 1.241362404172
15.000000000000 42.000000000000 1.382634772721
15.000000000000 43.000000000000 1.548362729640
15.000000000000 44.000000000000 1.748348065310
15.000000000000 45.000000000000 1.997530595751
15.000000000000 46.000000000000 2.319889297598
15.000000000000 47.000000000000 2.756560732193
15.000000000000 48.000000000000 3.384653644586
15.000000000000 49.000000000000 4.367816733238
15.000000000000 50.000000000000 6.125535042071
15.000000000000 51.000000000000 10.155434074999
16.000000000000 27.000000000000 28.078590298842
16.000000000000 28.000000000000 9.946332248515
16.000000000000 29.000000000000 6.017331378173
16.000000000000 30.000000000000 4.305987615497
16.000000000000 31.000000000000 3.350403633537
16.000000000000 32.000000000000 2.741060678405
16.000000000000 33.000000000000 2.318166254209
16.000000000000 34.000000000000 2.006403417975
16.000000000000 35.000000000000 1.765570950580
16.000000000000 36.000000000000 1.572217704578
16.000000000000 37.000000000000 1.411717592132
16.000000000000 38.000000000000 1.274461402546
16.000000000000 39.000000000000 1.170761543991
16.000000000000 40.000000000000 1.170761543991
16.000000000000 41.000000000000 1.274461402546
16.000000000000 42.000000000000 1.411717592132
16.000000000000 43.000000000000 1.572217704578
16.000000000000 44.000000000000 1.765570950580
16.000000000000 45.000000000000 2.006403417975
16.000000000000 46.000000000000 2.318166254209
16.000000000000 47.000000000000 2.741060678405
16.000000000000 48.000000000000 3.350403633537
16.000000000000 49.000000000000 4.305987615497
16.000000000000 50.000000000000 6.017331378173
16.000000000000 51.000000000000 9.946332248515
17.000000000000 27.000000000000 27.070163979345
17.000000000000 28.000000000000 9.613715540551
17.000000000000 29.000000000000 5.835892706510
17.000000000000 30.000000000000 4.193575572884
17.000000000000 31.000000000000 3.278766733227
17.000000000000 32.000000000000 2.696996294249
17.000000000000 33.000000000000 2.294307540100
17.000000000000 34.000000000000 1.998107064728
17.000000000000 35.000000000000 1.769625702929
17.000000000000 36.000000000000 1.586228773486
17.000000000000 37.000000000000 1.433781458570
17.000000000000 38.000000000000 1.316717873120
17.000000000000 39.000000000000 1.230055804538
17.000000000000 40.000000000000 1.230055804538
17.000000000000 41.000000000000 1.316717873120
17.000000000000 42.000000000000 1.433781458570
17.000000000000 43.000000000000 1.586228773486
17.000000000000 44.000000000000 1.769625702929
17.000000000000 45.000000000000 1.998107064728
17.000000000000 46.000000000000 2.294307540100
17.000000000000 47.000000000000 2.696996294249
17.000000000000 48.000000000000 3.278766733227
17.000000000000 49.000000000000 4.193575572884
17.000000000000 50.000000000000 5.835892706510
17.000000000000 51.000000000000 9.613715540550
18.000000000000 27.000000000000 25.704801960663
18.000000000000 28.000000000000 9.155221250359
18.000000000000 29.000000000000 5.579937832088
18.000000000000 30.000000000000 4.029892066748
18.000000000000 31.000000000000 3.169455825130
18.000000000000 32.000000000000 2.624374507613
18.000000000000 33.000000000000 2.248543105011
18.000000000000 34.000000000000 1.973045662234
18.000000000000 35.000000000000 1.761058819678
18.000000000000 36.000000000000 1.591067470637
18.000000000000 37.000000000000 1.455720438043
18.000000000000 38.000000000000 1.383313984000
18.000000000000 39.000000000000 1.303406919609
18.000000000000 40.000000000000 1.303406919609
18.000000000000 41.000000000000 1.383313984000
18.000000000000 42.000000000000 1.455720438043
18.000000000000 43.000000000000 1.591067470637
18.000000000000 44.000000000000 1.761058819678
18.000000000000 45.000000000000 1.973045662234
18.000000000000 46.000000000000 2.248543105011
18.000000000000 47.000000000000 2.624374507613
18.000000000000 48.000000000000 3.169455825130
18.000000000000 49.000000000000 4.029892066748
18.000000000000 50.000000000000 5.579937832088
18.000000000000 51.000000000000 9.155221250360
19.000000000000 27.000000000000 23.975506354935
19.000000000000 28.000000000000 8.568319366314
19.000000000000 29.000000000000 5.248194507287
19.000000000000 30.000000000000 3.814367320554
19.000000000000 31.000000000000 3.022364550578
19.000000000000 32.000000000000 2.523404758999
19.000000000000 33.000000000000 2.181294684600
19.000000000000 34.000000000000 1.931780863034
19.000000000000 35.000000000000 1.740526008306
19.000000000000 36.000000000000 1.589771548618
19.000000000000 37.000000000000 1.534245177188
19.000000000000 38.000000000000 1.470861404626
19.000000000000 39.000000000000 1.398514192190
19.000000000000 40.000000000000 1.398514192190
19.000000000000 41.000000000000 1.470861404626
19.000000000000 42.000000000000 1.534245177188
19.000000000000 43.000000000000 1.589771548618
19.000000000000 44.000000000000 1.740526008306
19.000000000000 45.000000000000 1.931780863034
19.000000000000 46.000000000000 2.181294684600
19.000000000000 47.000000000000 2.523404758999
19.000000000000 48.000000000000 3.022364550578
19.000000000000 49.000000000000 3.814367320554
19.000000000000 50.000000000000 5.248194507287
19.000000000000 51.000000000000 8.568319366314
20.000000000000 27.000000000000 21.876091983991
20.000000000000 28.000000000000 7.851032950118
20.000000000000 29.000000000000 4.840040675924
20.000000000000 30.000000000000 3.547172936683
20.000000000000 31.000000000000 2.838165936789
20.000000000000 32.000000000000 2.395055451093
20.000000000000 33.000000000000 2.093673472022
20.000000000000 34.000000000000 1.875459841335
20.000000000000 35.000000000000 1.722131255787
20.000000000000 36.000000000000 1.687372915237
20.000000000000 37.000000000000 1.644385896556
20.000000000000 38.000000000000 1.591656272795
20.000000000000 39.000000000000 1.527931434289
20.000000000000 40.000000000000 1.527931434289
20.000000000000 41.000000000000 1.591656272795
20.000000000000 42.000000000000 1.644385896556
20.000000000000 43.000000000000 1.687372915237
20.000000000000 44.000000000000 1.722131255787
20.000000000000 45.000000000000 1.875459841335
20.000000000000 46.000000000000 2.093673472022
20.000000000000 47.000000000000 2.395055451093
20.000000000000 48.000000000000 2.838165936789
20.000000000000 49.000000000000 3.547172936683
20.000000000000 50.000000000000 4.840040675924
20.000000000000 51.000000000000 7.851032950118
21.000000000000 27.000000000000 19.402906052209
21.000000000000 28.000000000000 7.002979059133
21.000000000000 29.000000000000 4.356525676934
21.000000000000 30.000000000000 3.230245883301
21.000000000000 31.000000000000 2.619292333482
21.000000000000 32.000000000000 2.241943716706
21.000000000000 33.000000000000 1.988251265899
21.000000000000 34.000000000000 1.858313528463
21.000000000000 35.000000000000 1.850599490764
21.000000000000 36.000000000000 1.834233633808
21.000000000000 37.000000000000 1.807065592432
21.000000000000 38.000000000000 1.767356131325
21.000000000000 39.000000000000 1.713714629718
21.000000000000 40.000000000000 1.713714629718
21.000000000000 41.000000000000 1.767356131325
21.000000000000 42.000000000000 1.807065592432
21.000000000000 43.000000000000 1.834233633808
21.000000000000 44.000000000000 1.850599490764
21.000000000000 45.000000000000 1.858313528463
21.000000000000 46.000000000000 1.988251265899
21.000000000000 47.000000000000 2.241943716706
21.000000000000 48.000000000000 2.619292333482
21.000000000000 49.000000000000 3.230245883301
21.000000000000 50.000000000000 4.356525676934
21.000000000000 51.000000000000 7.002979059133
22.000000000000 27.000000000000 16.556879934992
22.000000000000 28.000000000000 6.027008321714
22.000000000000 29.000000000000 3.802154753939
22.000000000000 30.000000000000 2.869088370005
22.000000000000 31.000000000000 2.371593155365
22.000000000000 32.000000000000 2.069756074339
22.000000000000 33.000000000000 2.008675518603
22.000000000000 34.000000000000 2.039156272286
22.000000000000 35.000000000000 2.060378290971
22.000000000000 36.000000000000 2.069142914072
22.000000000000 37.000000000000 2.062954450887
22.000000000000 38.000000000000 2.039879223127
22.000000000000 39.000000000000 1.998430182477
22.000000000000 40.000000000000 1.998430182477
22.000000000000 41.000000000000 2.039879223127
22.000000000000 42.000000000000 2.062954450887
22.000000000000 43.000000000000 2.069142914072
22.000000000000 44.000000000000 2.060378290971
22.000000000000 45.000000000000 2.039156272286
22.000000000000 46.000000000000 2.008675518603
22.000000000000 47.000000000000 2.069756074339
22.000000000000 48.000000000000 2.371593155365
22.000000000000 49.000000000000 2.869088370005
22.000000000000 50.000000000000 3.802154753939
22.000000000000 51.000000000000 6.027008321714
23.000000000000 27.000000000000 13.346177623446
23.000000000000 28.000000000000 4.932395635063
23.000000000000 29.000000000000 3.188558722266
23.000000000000 30.000000000000 2.476268197808
23.000000000000 31.000000000000 2.107257455592
23.000000000000 32.000000000000 2.196094389444
23.000000000000 33.000000000000 2.287177684055
23.000000000000 34.000000000000 2.367737350765
23.000000000000 35.000000000000 2.432724612392
23.000000000000 36.000000000000 2.478424735236
23.000000000000 37.000000000000 2.502098303475
23.000000000000 38.000000000000 2.501721099802
23.000000000000 39.000000000000 2.475800851524
23.000000000000 40.000000000000 2.475800851524
23.000000000000 41.000000000000 2.501721099802
23.000000000000 42.000000000000 2.502098303475
23.000000000000 43.000000000000 2.478424735236
23.000000000000 44.000000000000 2.432724612392
23.000000000000 45.000000000000 2.367737350765
23.000000000000 46.000000000000 2.287177684055
23.000000000000 47.000000000000 2.196094389444
23.000000000000 48.000000000000 2.107257455592
23.000000000000 49.000000000000 2.476268197808
23.000000000000 50.000000000000 3.188558722266
23.000000000000 51.000000000000 4.932395635063
24.000000000000 27.000000000000 9.791136788180
24.000000000000 28.000000000000 3.743474465805
24.000000000000 29.000000000000 2.543736167785
24.000000000000 30.000000000000 2.277536925480
24.000000000000 31.000000000000 2.484838533644
24.000000000000 32.000000000000 2.690686886746
24.000000000000 33.000000000000 2.882061001386
24.000000000000 34.000000000000 3.050432771973
24.000000000000 35.000000000000 3.190110903162
24.000000000000 36.000000000000 3.297205812431
24.000000000000 37.000000000000 3.369003457100
24.000000000000 38.000000000000 3.403585727795
24.000000000000 39.000000000000 3.399596491926
24.000000000000 40.000000000000 3.399596491926
24.000000000000 41.000000000000 3.403585727795
24.000000000000 42.000000000000 3.369003457100
24.000000000000 43.000000000000 3.297205812431
24.000000000000 44.000000000000 3.190110903162
24.000000000000 45.000000000000 3.050432771973
24.000000000000 46.000000000000 2.882061001386
24.000000000000 47.000000000000 2.690686886746
24.000000000000 48.000000000000 2.484838533644
24.000000000000 49.000000000000 2.277536925480
24.000000000000 50.000000000000 2.543736167785
24.000000000000 51.000000000000 3.743474465805
25.000000000000 27.000000000000 5.944054023771
25.000000000000 28.000000000000 2.534069354209
25.000000000000 29.000000000000 2.640026300246
25.000000000000 30.000000000000 3.148173574727
25.000000000000 31.000000000000 3.651988881397
25.000000000000 32.000000000000 4.123018308001
25.000000000000 33.000000000000 4.546455220022
25.000000000000 34.000000000000 4.913868280580
25.000000000000 35.000000000000 5.220058575420
25.000000000000 36.000000000000 5.461619456122
25.000000000000 37.000000000000 5.636229635996
25.000000000000 38.000000000000 5.742283167702
25.000000000000 39.000000000000 5.778684454375
25.000000000000 40.000000000000 5.778684454375
25.000000000000 41.000000000000 5.742283167702
25.000000000000 42.000000000000 5.636229635996
25.000000000000 43.000000000000 5.461619456122
25.000000000000 44.000000000000 5.220058575420
25.000000000000 45.000000000000 4.913868280580
25.000000000000 46.000000000000 4.546455220022
25.000000000000 47.000000000000 4.123018308001
25.000000000000 48.000000000000 3.651988881397
25.000000000000 49.000000000000 3.148173574727
25.000000000000 50.000000000000 2.640026300246
25.000000000000 51.000000000000 2.534069354209
26.000000000000 27.000000000000 2.574992448720
26.000000000000 28.000000000000 5.224615305781
26.000000000000 29.000000000000 7.966836219828
26.000000000000 30.000000000000 10.534940194622
26.000000000000 31.000000000000 12.879947141245
26.000000000000 32.000000000000 14.983684942669
26.000000000000 33.000000000000 16.836209066690
26.000000000000 34.000000000000 18.430811915270
26.000000000000 35.000000000000 19.762497249301
26.000000000000 36.000000000000 20.827410502749
26.000000000000 37.000000000000 21.622594995337
26.000000000000 38.000000000000 22.145876583228
26.000000000000 39.000000000000 22.395804471273
26.000000000000 40.000000000000 22.395804471273
26.000000000000 41.000000000000 22.145876583228
26.000000000000 42.000000000000 21.622594995337
26.000000000000 43.000000000000 20.827410502749
26.000000000000 44.000000000000 19.762497249301
26.000000000000 45.000000000000 18.430811915270
26.000000000000 46.000000000000 16.836209066690
26.000000000000 47.000000000000 14.983684942669
26.000000000000 48.000000000000 12.879947141244
26.000000000000 49.000000000000 10.534940194622
26.000000000000 50.000000000000 7.966836219828
26.000000000000 51.000000000000 5.224615305781
