1.000000000000 1.000000000000 -0.628318530718 -0.733038285838 0.000000000000 -0.486768355450 -0.151566738637 7979.000000000000 7980.000000000000 7981.000000000000 0.000000000000
2.000000000000 1.000000000000 -0.523598775598 -0.733038285838 0.000000000000 -0.423021915218 -0.177661322405 8010.000000000000 8011.000000000000 8012.000000000000 0.000000000000
3.000000000000 1.000000000000 0.523598775598 -0.733038285838 0.000000000000 0.177661322405 0.423021915218 8326.000000000000 8327.000000000000 8328.000000000000 0.000000000000
4.000000000000 1.000000000000 0.628318530718 -0.733038285838 0.000000000000 0.151566738637 0.486768355450 8357.000000000000 8358.000000000000 8359.000000000000 0.000000000000
5.000000000000 1.000000000000 -0.628318530718 -0.628318530718 0.000000000000 -0.403606565214 -0.000000000000 8941.000000000000 8942.000000000000 8943.000000000000 0.000000000000
6.000000000000 1.000000000000 -0.523598775598 -0.628318530718 0.000000000000 -0.348448505519 -0.000000000000 8972.000000000000 8973.000000000000 8974.000000000000 0.000000000000
7.000000000000 1.000000000000 -0.418879020479 -0.628318530718 0.000000000000 -0.287333805925 -0.000000000000 9004.000000000000 9005.000000000000 0.000000000000 0.000000000000
8.000000000000 1.000000000000 -0.314159265359 -0.628318530718 0.000000000000 -0.220851801285 -0.000000000000 9035.000000000000 9036.000000000000 0.000000000000 0.000000000000
9.000000000000 1.000000000000 -0.209439510239 -0.628318530718 0.000000000000 -0.149923220271 -0.000000000000 9067.000000000000 9068.000000000000 0.000000000000 0.000000000000
10.000000000000 1.000000000000 0.209439510239 -0.628318530718 0.000000000000 -0.000000000000 0.149923220271 9193.000000000000 0.000000000000 0.000000000000 0.000000000000
11.000000000000 1.000000000000 0.314159265359 -0.628318530718 0.000000000000 0.000000000000 0.220851801285 9224.000000000000 9225.000000000000 0.000000000000 0.000000000000
12.000000000000 1.000000000000 0.418879020479 -0.628318530718 0.000000000000 -0.000000000000 0.287333805925 9255.000000000000 9256.000000000000 0.000000000000 0.000000000000
13.000000000000 1.000000000000 0.523598775598 -0.628318530718 0.000000000000 -0.000000000000 0.348448505519 9286.000000000000 9287.000000000000 9288.000000000000 0.000000000000
14.000000000000 1.000000000000 0.628318530718 -0.628318530718 0.000000000000 0.000000000000 0.403606565214 9317.000000000000 9318.000000000000 9319.000000000000 0.000000000000
15.000000000000 1.000000000000 -0.628318530718 -0.523598775598 0.000000000000 -0.327162895502 -0.000000000000 9902.000000000000 9903.000000000000 9904.000000000000 0.000000000000
16.000000000000 1.000000000000 -0.523598775598 -0.523598775598 0.000000000000 -0.281034901503 -0.000000000000 9934.000000000000 9935.000000000000 0.000000000000 0.000000000000
17.000000000000 1.000000000000 -0.418879020479 -0.523598775598 0.000000000000 -0.230650387181 -0.000000000000 9965.000000000000 9966.000000000000 9967.000000000000 0.000000000000
18.000000000000 1.000000000000 -0.314159265359 -0.523598775598 0.000000000000 -0.176553424305 0.000000000000 9997.000000000000 9998.000000000000 0.000000000000 0.000000000000
19.000000000000 1.000000000000 -0.209439510239 -0.523598775598 0.000000000000 -0.119466258916 -0.000000000000 10028.000000000000 10029.000000000000 0.000000000000 0.000000000000
20.000000000000 1.000000000000 -0.104719755120 -0.523598775598 0.000000000000 -0.060276430417 -0.000000000000 10060.000000000000 0.000000000000 0.000000000000 0.000000000000
21.000000000000 1.000000000000 0.104719755120 -0.523598775598 0.000000000000 -0.000000000000 0.060276430417 0.000000000000 0.000000000000 0.000000000000 0.000000000000
22.000000000000 1.000000000000 0.209439510239 -0.523598775598 0.000000000000 -0.000000000000 0.119466258916 10154.000000000000 0.000000000000 0.000000000000 0.000000000000
23.000000000000 1.000000000000 0.314159265359 -0.523598775598 0.000000000000 -0.000000000000 0.176553424305 10185.000000000000 0.000000000000 0.000000000000 0.000000000000
24.000000000000 1.000000000000 0.418879020479 -0.523598775598 0.000000000000 -0.000000000000 0.230650387181 10216.000000000000 10217.000000000000 0.000000000000 0.000000000000
25.000000000000 1.000000000000 0.523598775598 -0.523598775598 0.000000000000 -0.000000000000 0.281034901503 10247.000000000000 10248.000000000000 0.000000000000 0.000000000000
26.000000000000 1.000000000000 0.628318530718 -0.523598775598 0.000000000000 -0.000000000000 0.327162895502 10278.000000000000 10279.000000000000 10280.000000000000 0.000000000000
27.000000000000 1.000000000000 -0.733038285838 -0.418879020479 0.000000000000 -0.289543901680 -0.000000000000 10833.000000000000 10834.000000000000 0.000000000000 0.000000000000
28.000000000000 1.000000000000 -0.628318530718 -0.418879020479 0.000000000000 -0.255958683419 -0.000000000000 10864.000000000000 10865.000000000000 0.000000000000 0.000000000000
29.000000000000 1.000000000000 -0.523598775598 -0.418879020479 0.000000000000 -0.219042582537 -0.000000000000 10895.000000000000 10896.000000000000 0.000000000000 0.000000000000
30.000000000000 1.000000000000 -0.418879020479 -0.418879020479 0.000000000000 -0.179149324359 -0.000000000000 10927.000000000000 10928.000000000000 0.000000000000 0.000000000000
31.000000000000 1.000000000000 -0.314159265359 -0.418879020479 0.000000000000 -0.136724847345 -0.000000000000 10958.000000000000 0.000000000000 0.000000000000 0.000000000000
32.000000000000 1.000000000000 -0.209439510239 -0.418879020479 0.000000000000 -0.092305197783 -0.000000000000 10990.000000000000 0.000000000000 0.000000000000 0.000000000000
33.000000000000 1.000000000000 -0.104719755120 -0.418879020479 0.000000000000 -0.046505514448 -0.000000000000 11021.000000000000 0.000000000000 0.000000000000 0.000000000000
34.000000000000 1.000000000000 0.104719755120 -0.418879020479 0.000000000000 -0.000000000000 0.046505514448 0.000000000000 0.000000000000 0.000000000000 0.000000000000
35.000000000000 1.000000000000 0.209439510239 -0.418879020479 0.000000000000 0.000000000000 0.092305197783 0.000000000000 0.000000000000 0.000000000000 0.000000000000
36.000000000000 1.000000000000 0.314159265359 -0.418879020479 0.000000000000 -0.000000000000 0.136724847345 11146.000000000000 0.000000000000 0.000000000000 0.000000000000
37.000000000000 1.000000000000 0.418879020479 -0.418879020479 0.000000000000 0.000000000000 0.179149324359 11177.000000000000 0.000000000000 0.000000000000 0.000000000000
38.000000000000 1.000000000000 0.523598775598 -0.418879020479 0.000000000000 0.000000000000 0.219042582537 11208.000000000000 11209.000000000000 0.000000000000 0.000000000000
39.000000000000 1.000000000000 0.628318530718 -0.418879020479 0.000000000000 -0.000000000000 0.255958683419 11239.000000000000 11240.000000000000 0.000000000000 0.000000000000
40.000000000000 1.000000000000 0.733038285838 -0.418879020479 0.000000000000 -0.000000000000 0.289543901680 11270.000000000000 11271.000000000000 0.000000000000 0.000000000000
41.000000000000 1.000000000000 -0.733038285838 -0.314159265359 0.000000000000 -0.214082081238 -0.000000000000 11794.000000000000 11795.000000000000 0.000000000000 0.000000000000
42.000000000000 1.000000000000 -0.628318530718 -0.314159265359 0.000000000000 -0.188710530784 -0.000000000000 11826.000000000000 0.000000000000 0.000000000000 0.000000000000
43.000000000000 1.000000000000 -0.523598775598 -0.314159265359 0.000000000000 -0.161052785389 -0.000000000000 11857.000000000000 0.000000000000 0.000000000000 0.000000000000
44.000000000000 1.000000000000 -0.418879020479 -0.314159265359 0.000000000000 -0.131395319512 -0.000000000000 11888.000000000000 0.000000000000 0.000000000000 0.000000000000
45.000000000000 1.000000000000 -0.314159265359 -0.314159265359 0.000000000000 -0.100070327367 -0.000000000000 0.000000000000 0.000000000000 0.000000000000 0.000000000000
46.000000000000 1.000000000000 -0.209439510239 -0.314159265359 0.000000000000 -0.067452119284 -0.000000000000 0.000000000000 0.000000000000 0.000000000000 0.000000000000
47.000000000000 1.000000000000 0.209439510239 -0.314159265359 0.000000000000 -0.000000000000 0.067452119284 0.000000000000 0.000000000000 0.000000000000 0.000000000000
48.000000000000 1.000000000000 0.314159265359 -0.314159265359 0.000000000000 -0.000000000000 0.100070327367 0.000000000000 0.000000000000 0.000000000000 0.000000000000
49.000000000000 1.000000000000 0.418879020479 -0.314159265359 0.000000000000 0.000000000000 0.131395319512 12138.000000000000 0.000000000000 0.000000000000 0.000000000000
50.000000000000 1.000000000000 0.523598775598 -0.314159265359 0.000000000000 0.000000000000 0.161052785389 12169.000000000000 0.000000000000 0.000000000000 0.000000000000
51.000000000000 1.000000000000 0.628318530718 -0.314159265359 0.000000000000 0.000000000000 0.188710530784 12200.000000000000 0.000000000000 0.000000000000 0.000000000000
52.000000000000 1.000000000000 0.733038285838 -0.314159265359 0.000000000000 -0.000000000000 0.214082081238 12230.000000000000 12231.000000000000 12232.000000000000 0.000000000000
53.000000000000 1.000000000000 -0.733038285838 -0.209439510239 0.000000000000 -0.141280539364 -0.000000000000 12756.000000000000 0.000000000000 0.000000000000 0.000000000000
54.000000000000 1.000000000000 -0.628318530718 -0.209439510239 0.000000000000 -0.124293566115 -0.000000000000 12787.000000000000 12788.000000000000 0.000000000000 0.000000000000
55.000000000000 1.000000000000 -0.523598775598 -0.209439510239 0.000000000000 -0.105880830603 -0.000000000000 12818.000000000000 12819.000000000000 0.000000000000 0.000000000000
56.000000000000 1.000000000000 -0.418879020479 -0.209439510239 0.000000000000 -0.086240104950 -0.000000000000 12850.000000000000 0.000000000000 0.000000000000 0.000000000000
57.000000000000 1.000000000000 -0.314159265359 -0.209439510239 0.000000000000 -0.065589373277 -0.000000000000 12881.000000000000 0.000000000000 0.000000000000 0.000000000000
58.000000000000 1.000000000000 -0.209439510239 -0.209439510239 0.000000000000 -0.044164257853 -0.000000000000 12912.000000000000 0.000000000000 0.000000000000 0.000000000000
59.000000000000 1.000000000000 0.209439510239 -0.209439510239 0.000000000000 -0.000000000000 0.044164257853 0.000000000000 0.000000000000 0.000000000000 0.000000000000
60.000000000000 1.000000000000 0.314159265359 -0.209439510239 0.000000000000 -0.000000000000 0.065589373277 0.000000000000 0.000000000000 0.000000000000 0.000000000000
61.000000000000 1.000000000000 0.418879020479 -0.209439510239 0.000000000000 -0.000000000000 0.086240104950 0.000000000000 0.000000000000 0.000000000000 0.000000000000
62.000000000000 1.000000000000 0.523598775598 -0.209439510239 0.000000000000 -0.000000000000 0.105880830603 13130.000000000000 0.000000000000 0.000000000000 0.000000000000
63.000000000000 1.000000000000 0.628318530718 -0.209439510239 0.000000000000 -0.000000000000 0.124293566115 13161.000000000000 0.000000000000 0.000000000000 0.000000000000
64.000000000000 1.000000000000 0.733038285838 -0.209439510239 0.000000000000 0.000000000000 0.141280539364 13192.000000000000 0.000000000000 0.000000000000 0.000000000000
65.000000000000 1.000000000000 -0.733038285838 -0.104719755120 0.000000000000 -0.070212853209 -0.000000000000 0.000000000000 0.000000000000 0.000000000000 0.000000000000
66.000000000000 1.000000000000 -0.628318530718 -0.104719755120 0.000000000000 -0.061700303837 -0.000000000000 0.000000000000 0.000000000000 0.000000000000 0.000000000000
67.000000000000 1.000000000000 -0.523598775598 -0.104719755120 0.000000000000 -0.052503819472 -0.000000000000 13780.000000000000 0.000000000000 0.000000000000 0.000000000000
68.000000000000 1.000000000000 -0.418879020479 -0.104719755120 0.000000000000 -0.042723730046 0.000000000000 13811.000000000000 0.000000000000 0.000000000000 0.000000000000
69.000000000000 1.000000000000 -0.314159265359 -0.104719755120 0.000000000000 -0.032467581565 -0.000000000000 13842.000000000000 0.000000000000 0.000000000000 0.000000000000
70.000000000000 1.000000000000 0.314159265359 -0.104719755120 0.000000000000 -0.000000000000 0.032467581565 0.000000000000 0.000000000000 0.000000000000 0.000000000000
71.000000000000 1.000000000000 0.418879020479 -0.104719755120 0.000000000000 -0.000000000000 0.042723730046 14059.000000000000 0.000000000000 0.000000000000 0.000000000000
72.000000000000 1.000000000000 0.523598775598 -0.104719755120 0.000000000000 -0.000000000000 0.052503819472 0.000000000000 0.000000000000 0.000000000000 0.000000000000
73.000000000000 1.000000000000 0.628318530718 -0.104719755120 0.000000000000 0.000000000000 0.061700303837 0.000000000000 0.000000000000 0.000000000000 0.000000000000
74.000000000000 1.000000000000 0.733038285838 -0.104719755120 0.000000000000 -0.000000000000 0.070212853209 0.000000000000 0.000000000000 0.000000000000 0.000000000000
75.000000000000 1.000000000000 -0.733038285838 0.104719755120 0.000000000000 0.000000000000 0.070212853209 0.000000000000 0.000000000000 0.000000000000 0.000000000000
76.000000000000 1.000000000000 -0.628318530718 0.104719755120 0.000000000000 -0.000000000000 0.061700303837 0.000000000000 0.000000000000 0.000000000000 0.000000000000
77.000000000000 1.000000000000 -0.523598775598 0.104719755120 0.000000000000 0.000000000000 0.052503819472 0.000000000000 0.000000000000 0.000000000000 0.000000000000
78.000000000000 1.000000000000 -0.418879020479 0.104719755120 0.000000000000 -0.000000000000 0.042723730046 15733.000000000000 0.000000000000 0.000000000000 0.000000000000
79.000000000000 1.000000000000 -0.314159265359 0.104719755120 0.000000000000 -0.000000000000 0.032467581565 0.000000000000 0.000000000000 0.000000000000 0.000000000000
80.000000000000 1.000000000000 0.314159265359 0.104719755120 0.000000000000 -0.032467581565 -0.000000000000 15950.000000000000 0.000000000000 0.000000000000 0.000000000000
81.000000000000 1.000000000000 0.418879020479 0.104719755120 0.000000000000 -0.042723730046 0.000000000000 15981.000000000000 0.000000000000 0.000000000000 0.000000000000
82.000000000000 1.000000000000 0.523598775598 0.104719755120 0.000000000000 -0.052503819472 -0.000000000000 0.000000000000 0.000000000000 0.000000000000 0.000000000000
83.000000000000 1.000000000000 0.628318530718 0.104719755120 0.000000000000 -0.061700303837 -0.000000000000 0.000000000000 0.000000000000 0.000000000000 0.000000000000
84.000000000000 1.000000000000 0.733038285838 0.104719755120 0.000000000000 -0.070212853209 -0.000000000000 0.000000000000 0.000000000000 0.000000000000 0.000000000000
85.000000000000 1.000000000000 -0.733038285838 0.209439510239 0.000000000000 -0.000000000000 0.141280539364 16602.000000000000 0.000000000000 0.000000000000 0.000000000000
86.000000000000 1.000000000000 -0.628318530718 0.209439510239 0.000000000000 0.000000000000 0.124293566115 16633.000000000000 0.000000000000 0.000000000000 0.000000000000
87.000000000000 1.000000000000 -0.523598775598 0.209439510239 0.000000000000 -0.000000000000 0.105880830603 16664.000000000000 0.000000000000 0.000000000000 0.000000000000
88.000000000000 1.000000000000 -0.418879020479 0.209439510239 0.000000000000 -0.000000000000 0.086240104950 0.000000000000 0.000000000000 0.000000000000 0.000000000000
89.000000000000 1.000000000000 -0.314159265359 0.209439510239 0.000000000000 0.000000000000 0.065589373277 0.000000000000 0.000000000000 0.000000000000 0.000000000000
90.000000000000 1.000000000000 -0.209439510239 0.209439510239 0.000000000000 -0.000000000000 0.044164257853 0.000000000000 0.000000000000 0.000000000000 0.000000000000
91.000000000000 1.000000000000 0.209439510239 0.209439510239 0.000000000000 -0.044164257853 -0.000000000000 16880.000000000000 0.000000000000 0.000000000000 0.000000000000
92.000000000000 1.000000000000 0.314159265359 0.209439510239 0.000000000000 -0.065589373277 -0.000000000000 16911.000000000000 0.000000000000 0.000000000000 0.000000000000
93.000000000000 1.000000000000 0.418879020479 0.209439510239 0.000000000000 -0.086240104950 -0.000000000000 16942.000000000000 0.000000000000 0.000000000000 0.000000000000
94.000000000000 1.000000000000 0.523598775598 0.209439510239 0.000000000000 -0.105880830603 -0.000000000000 16972.000000000000 16973.000000000000 0.000000000000 0.000000000000
95.000000000000 1.000000000000 0.628318530718 0.209439510239 0.000000000000 -0.124293566115 -0.000000000000 17003.000000000000 0.000000000000 0.000000000000 0.000000000000
96.000000000000 1.000000000000 0.733038285838 0.209439510239 0.000000000000 -0.141280539364 -0.000000000000 17034.000000000000 0.000000000000 0.000000000000 0.000000000000
97.000000000000 1.000000000000 -0.733038285838 0.314159265359 0.000000000000 -0.000000000000 0.214082081238 17563.000000000000 17564.000000000000 0.000000000000 0.000000000000
98.000000000000 1.000000000000 -0.628318530718 0.314159265359 0.000000000000 -0.000000000000 0.188710530784 17594.000000000000 0.000000000000 0.000000000000 0.000000000000
99.000000000000 1.000000000000 -0.523598775598 0.314159265359 0.000000000000 -0.000000000000 0.161052785389 17625.000000000000 0.000000000000 0.000000000000 0.000000000000
100.000000000000 1.000000000000 -0.418879020479 0.314159265359 0.000000000000 -0.000000000000 0.131395319512 17656.000000000000 0.000000000000 0.000000000000 0.000000000000
101.000000000000 1.000000000000 -0.314159265359 0.314159265359 0.000000000000 -0.000000000000 0.100070327367 0.000000000000 0.000000000000 0.000000000000 0.000000000000
102.000000000000 1.000000000000 -0.209439510239 0.314159265359 0.000000000000 -0.000000000000 0.067452119284 0.000000000000 0.000000000000 0.000000000000 0.000000000000
103.000000000000 1.000000000000 0.209439510239 0.314159265359 0.000000000000 -0.067452119284 -0.000000000000 17841.000000000000 0.000000000000 0.000000000000 0.000000000000
104.000000000000 1.000000000000 0.314159265359 0.314159265359 0.000000000000 -0.100070327367 -0.000000000000 17872.000000000000 0.000000000000 0.000000000000 0.000000000000
105.000000000000 1.000000000000 0.418879020479 0.314159265359 0.000000000000 -0.131395319512 -0.000000000000 17902.000000000000 0.000000000000 0.000000000000 0.000000000000
106.000000000000 1.000000000000 0.523598775598 0.314159265359 0.000000000000 -0.161052785389 -0.000000000000 17933.000000000000 0.000000000000 0.000000000000 0.000000000000
107.000000000000 1.000000000000 0.628318530718 0.314159265359 0.000000000000 -0.188710530784 -0.000000000000 17964.000000000000 17965.000000000000 0.000000000000 0.000000000000
108.000000000000 1.000000000000 0.733038285838 0.314159265359 0.000000000000 -0.214082081238 -0.000000000000 17994.000000000000 17995.000000000000 17996.000000000000 0.000000000000
109.000000000000 1.000000000000 -0.733038285838 0.418879020479 0.000000000000 0.000000000000 0.289543901680 18524.000000000000 18525.000000000000 0.000000000000 0.000000000000
110.000000000000 1.000000000000 -0.628318530718 0.418879020479 0.000000000000 0.000000000000 0.255958683419 18555.000000000000 18556.000000000000 0.000000000000 0.000000000000
111.000000000000 1.000000000000 -0.523598775598 0.418879020479 0.000000000000 -0.000000000000 0.219042582537 18586.000000000000 18587.000000000000 0.000000000000 0.000000000000
112.000000000000 1.000000000000 -0.418879020479 0.418879020479 0.000000000000 -0.000000000000 0.179149324359 18617.000000000000 0.000000000000 0.000000000000 0.000000000000
113.000000000000 1.000000000000 -0.314159265359 0.418879020479 0.000000000000 -0.000000000000 0.136724847345 18648.000000000000 0.000000000000 0.000000000000 0.000000000000
114.000000000000 1.000000000000 -0.209439510239 0.418879020479 0.000000000000 0.000000000000 0.092305197783 0.000000000000 0.000000000000 0.000000000000 0.000000000000
115.000000000000 1.000000000000 -0.104719755120 0.418879020479 0.000000000000 -0.000000000000 0.046505514448 0.000000000000 0.000000000000 0.000000000000 0.000000000000
116.000000000000 1.000000000000 0.104719755120 0.418879020479 0.000000000000 -0.046505514448 -0.000000000000 18771.000000000000 0.000000000000 0.000000000000 0.000000000000
117.000000000000 1.000000000000 0.209439510239 0.418879020479 0.000000000000 -0.092305197783 -0.000000000000 0.000000000000 0.000000000000 0.000000000000 0.000000000000
118.000000000000 1.000000000000 0.314159265359 0.418879020479 0.000000000000 -0.136724847345 -0.000000000000 18832.000000000000 0.000000000000 0.000000000000 0.000000000000
119.000000000000 1.000000000000 0.418879020479 0.418879020479 0.000000000000 -0.179149324359 -0.000000000000 18863.000000000000 18864.000000000000 0.000000000000 0.000000000000
120.000000000000 1.000000000000 0.523598775598 0.418879020479 0.000000000000 -0.219042582537 -0.000000000000 18893.000000000000 18894.000000000000 18895.000000000000 0.000000000000
121.000000000000 1.000000000000 0.628318530718 0.418879020479 0.000000000000 -0.255958683419 -0.000000000000 18924.000000000000 18925.000000000000 0.000000000000 0.000000000000
122.000000000000 1.000000000000 0.733038285838 0.418879020479 0.000000000000 -0.289543901680 -0.000000000000 18955.000000000000 18956.000000000000 0.000000000000 0.000000000000
123.000000000000 1.000000000000 -0.628318530718 0.523598775598 0.000000000000 0.000000000000 0.327162895502 19516.000000000000 19517.000000000000 19518.000000000000 0.000000000000
124.000000000000 1.000000000000 -0.523598775598 0.523598775598 0.000000000000 -0.000000000000 0.281034901503 19547.000000000000 19548.000000000000 0.000000000000 0.000000000000
125.000000000000 1.000000000000 -0.418879020479 0.523598775598 0.000000000000 0.000000000000 0.230650387181 19578.000000000000 19579.000000000000 0.000000000000 0.000000000000
126.000000000000 1.000000000000 -0.314159265359 0.523598775598 0.000000000000 -0.000000000000 0.176553424305 19608.000000000000 19609.000000000000 0.000000000000 0.000000000000
127.000000000000 1.000000000000 -0.209439510239 0.523598775598 0.000000000000 0.000000000000 0.119466258916 19640.000000000000 0.000000000000 0.000000000000 0.000000000000
128.000000000000 1.000000000000 -0.104719755120 0.523598775598 0.000000000000 0.000000000000 0.060276430417 0.000000000000 0.000000000000 0.000000000000 0.000000000000
129.000000000000 1.000000000000 0.104719755120 0.523598775598 0.000000000000 -0.060276430417 -0.000000000000 0.000000000000 0.000000000000 0.000000000000 0.000000000000
130.000000000000 1.000000000000 0.209439510239 0.523598775598 0.000000000000 -0.119466258916 -0.000000000000 19762.000000000000 19763.000000000000 0.000000000000 0.000000000000
131.000000000000 1.000000000000 0.314159265359 0.523598775598 0.000000000000 -0.176553424305 -0.000000000000 19793.000000000000 0.000000000000 0.000000000000 0.000000000000
132.000000000000 1.000000000000 0.418879020479 0.523598775598 0.000000000000 -0.230650387181 -0.000000000000 19823.000000000000 19824.000000000000 0.000000000000 0.000000000000
133.000000000000 1.000000000000 0.523598775598 0.523598775598 0.000000000000 -0.281034901503 -0.000000000000 19854.000000000000 19855.000000000000 0.000000000000 0.000000000000
134.000000000000 1.000000000000 0.628318530718 0.523598775598 0.000000000000 -0.327162895502 -0.000000000000 19884.000000000000 19885.000000000000 19886.000000000000 0.000000000000
135.000000000000 1.000000000000 -0.628318530718 0.628318530718 0.000000000000 0.000000000000 0.403606565214 20477.000000000000 20478.000000000000 20479.000000000000 0.000000000000
136.000000000000 1.000000000000 -0.523598775598 0.628318530718 0.000000000000 0.000000000000 0.348448505519 20508.000000000000 20509.000000000000 20510.000000000000 0.000000000000
137.000000000000 1.000000000000 -0.418879020479 0.628318530718 0.000000000000 0.000000000000 0.287333805925 20539.000000000000 20540.000000000000 0.000000000000 0.000000000000
138.000000000000 1.000000000000 -0.314159265359 0.628318530718 0.000000000000 -0.000000000000 0.220851801285 20570.000000000000 20571.000000000000 0.000000000000 0.000000000000
139.000000000000 1.000000000000 -0.209439510239 0.628318530718 0.000000000000 -0.000000000000 0.149923220271 20601.000000000000 0.000000000000 0.000000000000 0.000000000000
140.000000000000 1.000000000000 0.209439510239 0.628318530718 0.000000000000 -0.149923220271 -0.000000000000 20723.000000000000 20724.000000000000 0.000000000000 0.000000000000
141.000000000000 1.000000000000 0.314159265359 0.628318530718 0.000000000000 -0.220851801285 -0.000000000000 20753.000000000000 20754.000000000000 0.000000000000 0.000000000000
142.000000000000 1.000000000000 0.418879020479 0.628318530718 0.000000000000 -0.287333805925 -0.000000000000 20784.000000000000 20785.000000000000 0.000000000000 0.000000000000
143.000000000000 1.000000000000 0.523598775598 0.628318530718 0.000000000000 -0.348448505519 -0.000000000000 20814.000000000000 20815.000000000000 20816.000000000000 20817.000000000000
144.000000000000 1.000000000000 0.628318530718 0.628318530718 0.000000000000 -0.403606565214 -0.000000000000 20845.000000000000 20846.000000000000 20847.000000000000 0.000000000000
145.000000000000 1.000000000000 -0.628318530718 0.733038285838 0.000000000000 0.151566738637 0.486768355450 21439.000000000000 21440.000000000000 21441.000000000000 0.000000000000
146.000000000000 1.000000000000 -0.523598775598 0.733038285838 0.000000000000 0.177661322405 0.423021915218 21470.000000000000 21471.000000000000 21472.000000000000 0.000000000000
147.000000000000 1.000000000000 0.523598775598 0.733038285838 0.000000000000 -0.423021915218 -0.177661322405 21774.000000000000 21775.000000000000 21776.000000000000 0.000000000000
148.000000000000 1.000000000000 0.628318530718 0.733038285838 0.000000000000 -0.486768355450 -0.151566738637 21805.000000000000 21806.000000000000 21807.000000000000 0.000000000000
149.000000000000 2.000000000000 -0.418879020479 -0.733038285838 0.000000000000 -0.639099341491 -0.517232501553 7979.000000000000 8010.000000000000 0.000000000000 0.000000000000 0.000000000000
150.000000000000 2.000000000000 -0.314159265359 -0.733038285838 0.000000000000 -0.639099341491 -0.369189734813 7980.000000000000 8011.000000000000 8042.000000000000 0.000000000000 0.000000000000
151.000000000000 2.000000000000 -0.209439510239 -0.733038285838 0.000000000000 -0.639099341491 -0.436056858560 7981.000000000000 8012.000000000000 0.000000000000 0.000000000000 0.000000000000
152.000000000000 2.000000000000 0.209439510239 -0.733038285838 0.000000000000 0.436056858560 0.639099341491 8326.000000000000 8357.000000000000 0.000000000000 0.000000000000 0.000000000000
153.000000000000 2.000000000000 0.314159265359 -0.733038285838 0.000000000000 0.369189734813 0.639099341491 8296.000000000000 8327.000000000000 8358.000000000000 0.000000000000 0.000000000000
154.000000000000 2.000000000000 0.418879020479 -0.733038285838 0.000000000000 0.517232501553 0.639099341491 8328.000000000000 8359.000000000000 0.000000000000 0.000000000000 0.000000000000
155.000000000000 2.000000000000 -0.418879020479 -0.628318530718 0.000000000000 -0.680214976881 -0.659604943959 0.000000000000 0.000000000000 0.000000000000 0.000000000000 0.000000000000
156.000000000000 2.000000000000 -0.314159265359 -0.628318530718 0.000000000000 -0.680214976881 -0.463647609001 8941.000000000000 8972.000000000000 0.000000000000 0.000000000000 0.000000000000
157.000000000000 2.000000000000 -0.209439510239 -0.628318530718 0.000000000000 -0.680214976881 -0.296901840784 8942.000000000000 8973.000000000000 9004.000000000000 9035.000000000000 0.000000000000
158.000000000000 2.000000000000 -0.104719755120 -0.628318530718 0.000000000000 -0.680214976881 -0.145172956660 8943.000000000000 8974.000000000000 9005.000000000000 9036.000000000000 9067.000000000000
159.000000000000 2.000000000000 0.104719755120 -0.628318530718 0.000000000000 0.145172956660 0.680214976881 9193.000000000000 9224.000000000000 9255.000000000000 9286.000000000000 9317.000000000000
160.000000000000 2.000000000000 0.209439510239 -0.628318530718 0.000000000000 0.296901840784 0.680214976881 9225.000000000000 9256.000000000000 9287.000000000000 9318.000000000000 0.000000000000
161.000000000000 2.000000000000 0.314159265359 -0.628318530718 0.000000000000 0.463647609001 0.680214976881 9288.000000000000 9319.000000000000 0.000000000000 0.000000000000 0.000000000000
162.000000000000 2.000000000000 0.418879020479 -0.628318530718 0.000000000000 0.659604943959 0.680214976881 0.000000000000 0.000000000000 0.000000000000 0.000000000000 0.000000000000
163.000000000000 2.000000000000 -0.314159265359 -0.523598775598 0.000000000000 -0.713724378945 -0.597741993379 9902.000000000000 0.000000000000 0.000000000000 0.000000000000 0.000000000000
164.000000000000 2.000000000000 -0.209439510239 -0.523598775598 0.000000000000 -0.713724378945 -0.377027914220 9903.000000000000 9934.000000000000 9965.000000000000 0.000000000000 0.000000000000
165.000000000000 2.000000000000 -0.104719755120 -0.523598775598 0.000000000000 -0.713724378945 -0.183066695196 9904.000000000000 9935.000000000000 9966.000000000000 9997.000000000000 10028.000000000000
166.000000000000 2.000000000000 0.104719755120 -0.523598775598 0.000000000000 0.183066695196 0.713724378945 10154.000000000000 10185.000000000000 10216.000000000000 10247.000000000000 10278.000000000000
167.000000000000 2.000000000000 0.209439510239 -0.523598775598 0.000000000000 0.377027914220 0.713724378945 10217.000000000000 10248.000000000000 10279.000000000000 0.000000000000 0.000000000000
168.000000000000 2.000000000000 0.314159265359 -0.523598775598 0.000000000000 0.597741993379 0.713724378945 10280.000000000000 0.000000000000 0.000000000000 0.000000000000 0.000000000000
169.000000000000 2.000000000000 -0.209439510239 -0.418879020479 0.000000000000 -0.740248575448 -0.497704576895 10833.000000000000 10864.000000000000 10895.000000000000 0.000000000000 0.000000000000
170.000000000000 2.000000000000 -0.104719755120 -0.418879020479 0.000000000000 -0.740248575448 -0.238317461810 10834.000000000000 10865.000000000000 10896.000000000000 10927.000000000000 10958.000000000000
171.000000000000 2.000000000000 0.104719755120 -0.418879020479 0.000000000000 0.238317461810 0.740248575448 11146.000000000000 11177.000000000000 11208.000000000000 11239.000000000000 11270.000000000000
172.000000000000 2.000000000000 0.209439510239 -0.418879020479 0.000000000000 0.497704576895 0.740248575448 11209.000000000000 11240.000000000000 11271.000000000000 0.000000000000 0.000000000000
173.000000000000 2.000000000000 -0.209439510239 -0.314159265359 0.000000000000 -0.760317792511 -0.713100361687 11794.000000000000 0.000000000000 0.000000000000 0.000000000000 0.000000000000
174.000000000000 2.000000000000 -0.104719755120 -0.314159265359 0.000000000000 -0.760317792511 -0.329402356567 11795.000000000000 11826.000000000000 11857.000000000000 11888.000000000000 0.000000000000
175.000000000000 2.000000000000 0.104719755120 -0.314159265359 0.000000000000 0.329402356567 0.760317792511 12138.000000000000 12169.000000000000 12200.000000000000 12231.000000000000 0.000000000000
176.000000000000 2.000000000000 0.209439510239 -0.314159265359 0.000000000000 0.713100361687 0.760317792511 12232.000000000000 0.000000000000 0.000000000000 0.000000000000 0.000000000000
177.000000000000 2.000000000000 -0.104719755120 -0.209439510239 0.000000000000 -0.774351712460 -0.517232501553 12756.000000000000 12787.000000000000 12818.000000000000 0.000000000000 0.000000000000
178.000000000000 2.000000000000 0.104719755120 -0.209439510239 0.000000000000 0.517232501553 0.774351712460 13130.000000000000 13161.000000000000 13192.000000000000 0.000000000000 0.000000000000
179.000000000000 2.000000000000 -0.104719755120 0.209439510239 0.000000000000 0.517232501553 0.774351712460 16972.000000000000 17003.000000000000 17034.000000000000 0.000000000000 0.000000000000
180.000000000000 2.000000000000 0.104719755120 0.209439510239 0.000000000000 -0.774351712460 -0.517232501553 16602.000000000000 16633.000000000000 16664.000000000000 0.000000000000 0.000000000000
181.000000000000 2.000000000000 -0.209439510239 0.314159265359 0.000000000000 0.713100361687 0.760317792511 17994.000000000000 0.000000000000 0.000000000000 0.000000000000 0.000000000000
182.000000000000 2.000000000000 -0.104719755120 0.314159265359 0.000000000000 0.329402356567 0.760317792511 17902.000000000000 17933.000000000000 17964.000000000000 17995.000000000000 0.000000000000
183.000000000000 2.000000000000 0.104719755120 0.314159265359 0.000000000000 -0.760317792511 -0.329402356567 17563.000000000000 17594.000000000000 17625.000000000000 17656.000000000000 0.000000000000
184.000000000000 2.000000000000 0.209439510239 0.314159265359 0.000000000000 -0.760317792511 -0.713100361687 17564.000000000000 0.000000000000 0.000000000000 0.000000000000 0.000000000000
185.000000000000 2.000000000000 -0.209439510239 0.418879020479 0.000000000000 0.497704576895 0.740248575448 18893.000000000000 18924.000000000000 18955.000000000000 0.000000000000 0.000000000000
186.000000000000 2.000000000000 -0.104719755120 0.418879020479 0.000000000000 0.238317461810 0.740248575448 18832.000000000000 18863.000000000000 18894.000000000000 18925.000000000000 18956.000000000000
187.000000000000 2.000000000000 0.104719755120 0.418879020479 0.000000000000 -0.740248575448 -0.238317461810 18524.000000000000 18555.000000000000 18586.000000000000 18617.000000000000 18648.000000000000
188.000000000000 2.000000000000 0.209439510239 0.418879020479 0.000000000000 -0.740248575448 -0.497704576895 18525.000000000000 18556.000000000000 18587.000000000000 0.000000000000 0.000000000000
189.000000000000 2.000000000000 -0.314159265359 0.523598775598 0.000000000000 0.597741993379 0.713724378945 19884.000000000000 0.000000000000 0.000000000000 0.000000000000 0.000000000000
190.000000000000 2.000000000000 -0.209439510239 0.523598775598 0.000000000000 0.377027914220 0.713724378945 19823.000000000000 19854.000000000000 19885.000000000000 0.000000000000 0.000000000000
191.000000000000 2.000000000000 -0.104719755120 0.523598775598 0.000000000000 0.183066695196 0.713724378945 19762.000000000000 19793.000000000000 19824.000000000000 19855.000000000000 19886.000000000000
192.000000000000 2.000000000000 0.104719755120 0.523598775598 0.000000000000 -0.713724378945 -0.183066695196 19516.000000000000 19547.000000000000 19578.000000000000 19609.000000000000 19640.000000000000
193.000000000000 2.000000000000 0.209439510239 0.523598775598 0.000000000000 -0.713724378945 -0.377027914220 19517.000000000000 19548.000000000000 19579.000000000000 0.000000000000 0.000000000000
194.000000000000 2.000000000000 0.314159265359 0.523598775598 0.000000000000 -0.713724378945 -0.597741993379 19518.000000000000 0.000000000000 0.000000000000 0.000000000000 0.000000000000
195.000000000000 2.000000000000 -0.418879020479 0.628318530718 0.000000000000 0.659604943959 0.680214976881 0.000000000000 0.000000000000 0.000000000000 0.000000000000 0.000000000000
196.000000000000 2.000000000000 -0.314159265359 0.628318530718 0.000000000000 0.463647609001 0.680214976881 20814.000000000000 20845.000000000000 0.000000000000 0.000000000000 0.000000000000
197.000000000000 2.000000000000 -0.209439510239 0.628318530718 0.000000000000 0.296901840784 0.680214976881 20753.000000000000 20784.000000000000 20815.000000000000 20846.000000000000 0.000000000000
198.000000000000 2.000000000000 -0.104719755120 0.628318530718 0.000000000000 0.145172956660 0.680214976881 20723.000000000000 20754.000000000000 20785.000000000000 20816.000000000000 20847.000000000000
199.000000000000 2.000000000000 0.104719755120 0.628318530718 0.000000000000 -0.680214976881 -0.145172956660 20477.000000000000 20508.000000000000 20539.000000000000 20570.000000000000 20601.000000000000
200.000000000000 2.000000000000 0.209439510239 0.628318530718 0.000000000000 -0.680214976881 -0.296901840784 20478.000000000000 20509.000000000000 20540.000000000000 20571.000000000000 0.000000000000
201.000000000000 2.000000000000 0.314159265359 0.628318530718 0.000000000000 -0.680214976881 -0.463647609001 20479.000000000000 20510.000000000000 0.000000000000 0.000000000000 0.000000000000
202.000000000000 2.000000000000 0.418879020479 0.628318530718 0.000000000000 -0.680214976881 -0.659604943959 0.000000000000 0.000000000000 0.000000000000 0.000000000000 0.000000000000
203.000000000000 2.000000000000 -0.418879020479 0.733038285838 0.000000000000 0.517232501553 0.639099341491 21774.000000000000 21805.000000000000 0.000000000000 0.000000000000 0.000000000000
204.000000000000 2.000000000000 -0.314159265359 0.733038285838 0.000000000000 0.369189734813 0.639099341491 21744.000000000000 21775.000000000000 21806.000000000000 0.000000000000 0.000000000000
205.000000000000 2.000000000000 -0.209439510239 0.733038285838 0.000000000000 0.436056858560 0.639099341491 21776.000000000000 21807.000000000000 0.000000000000 0.000000000000 0.000000000000
206.000000000000 2.000000000000 0.209439510239 0.733038285838 0.000000000000 -0.639099341491 -0.436056858560 21439.000000000000 21470.000000000000 0.000000000000 0.000000000000 0.000000000000
207.000000000000 2.000000000000 0.314159265359 0.733038285838 0.000000000000 -0.639099341491 -0.369189734813 21440.000000000000 21471.000000000000 21502.000000000000 0.000000000000 0.000000000000
208.000000000000 2.000000000000 0.418879020479 0.733038285838 0.000000000000 -0.639099341491 -0.517232501553 21441.000000000000 21472.000000000000 0.000000000000 0.000000000000 0.000000000000
209.000000000000 3.000000000000 -0.209439510239 -0.733038285838 0.000000000000 -0.450098981737 -0.307579587343 10833.000000000000 11794.000000000000 0.000000000000 0.000000000000 0.000000000000
210.000000000000 3.000000000000 -0.104719755120 -0.733038285838 0.000000000000 -0.450098981737 -0.155802774116 10834.000000000000 11795.000000000000 12756.000000000000 0.000000000000 0.000000000000
211.000000000000 3.000000000000 0.104719755120 -0.733038285838 0.000000000000 0.155802774116 0.450098981737 16602.000000000000 17563.000000000000 18524.000000000000 0.000000000000 0.000000000000
212.000000000000 3.000000000000 0.209439510239 -0.733038285838 0.000000000000 0.307579587343 0.450098981737 17564.000000000000 18525.000000000000 0.000000000000 0.000000000000 0.000000000000
213.000000000000 3.000000000000 -0.418879020479 -0.628318530718 0.000000000000 -0.757519675681 -0.648263700390 7979.000000000000 0.000000000000 0.000000000000 0.000000000000 0.000000000000
214.000000000000 3.000000000000 -0.314159265359 -0.628318530718 0.000000000000 -0.757519675681 -0.504979967651 7980.000000000000 8941.000000000000 9902.000000000000 0.000000000000 0.000000000000
215.000000000000 3.000000000000 -0.209439510239 -0.628318530718 0.000000000000 -0.757519675681 -0.346991471184 7981.000000000000 8942.000000000000 9903.000000000000 10864.000000000000 0.000000000000
216.000000000000 3.000000000000 -0.104719755120 -0.628318530718 0.000000000000 -0.705201412630 -0.176943926813 8943.000000000000 9904.000000000000 10865.000000000000 11826.000000000000 12787.000000000000
217.000000000000 3.000000000000 0.104719755120 -0.628318530718 0.000000000000 0.176943926813 0.705201412630 16633.000000000000 17594.000000000000 18555.000000000000 19516.000000000000 20477.000000000000
218.000000000000 3.000000000000 0.209439510239 -0.628318530718 0.000000000000 0.346991471184 0.757519675681 18556.000000000000 19517.000000000000 20478.000000000000 21439.000000000000 0.000000000000
219.000000000000 3.000000000000 0.314159265359 -0.628318530718 0.000000000000 0.504979967651 0.757519675681 19518.000000000000 20479.000000000000 21440.000000000000 0.000000000000 0.000000000000
220.000000000000 3.000000000000 0.418879020479 -0.628318530718 0.000000000000 0.648263700390 0.757519675681 21441.000000000000 0.000000000000 0.000000000000 0.000000000000 0.000000000000
221.000000000000 3.000000000000 -0.314159265359 -0.523598775598 0.000000000000 -0.785398163397 -0.576262307184 8011.000000000000 8972.000000000000 0.000000000000 0.000000000000 0.000000000000
222.000000000000 3.000000000000 -0.209439510239 -0.523598775598 0.000000000000 -0.749381939396 -0.401966460026 8012.000000000000 8973.000000000000 9934.000000000000 10895.000000000000 0.000000000000
223.000000000000 3.000000000000 -0.104719755120 -0.523598775598 0.000000000000 -0.696004928266 -0.207191851138 8974.000000000000 9935.000000000000 10896.000000000000 11857.000000000000 12818.000000000000
224.000000000000 3.000000000000 0.104719755120 -0.523598775598 0.000000000000 0.207191851138 0.696004928266 16664.000000000000 17625.000000000000 18586.000000000000 19547.000000000000 20508.000000000000
225.000000000000 3.000000000000 0.209439510239 -0.523598775598 0.000000000000 0.401966460026 0.749381939396 18587.000000000000 19548.000000000000 20509.000000000000 21470.000000000000 0.000000000000
226.000000000000 3.000000000000 0.314159265359 -0.523598775598 0.000000000000 0.576262307184 0.785398163397 20510.000000000000 21471.000000000000 0.000000000000 0.000000000000 0.000000000000
227.000000000000 3.000000000000 -0.209439510239 -0.418879020479 0.000000000000 -0.729741213744 -0.481555972736 9004.000000000000 9965.000000000000 0.000000000000 0.000000000000 0.000000000000
228.000000000000 3.000000000000 -0.104719755120 -0.418879020479 0.000000000000 -0.686224838840 -0.252876822617 9005.000000000000 9966.000000000000 10927.000000000000 11888.000000000000 0.000000000000
229.000000000000 3.000000000000 0.104719755120 -0.418879020479 0.000000000000 0.252876822617 0.686224838840 17656.000000000000 18617.000000000000 19578.000000000000 20539.000000000000 0.000000000000
230.000000000000 3.000000000000 0.209439510239 -0.418879020479 0.000000000000 0.481555972736 0.729741213744 19579.000000000000 20540.000000000000 0.000000000000 0.000000000000 0.000000000000
231.000000000000 3.000000000000 -0.209439510239 -0.314159265359 0.000000000000 -0.709090482070 -0.602523264233 9035.000000000000 0.000000000000 0.000000000000 0.000000000000 0.000000000000
232.000000000000 3.000000000000 -0.104719755120 -0.314159265359 0.000000000000 -0.675968690358 -0.327850056908 9036.000000000000 9997.000000000000 10958.000000000000 0.000000000000 0.000000000000
233.000000000000 3.000000000000 0.104719755120 -0.314159265359 0.000000000000 0.327850056908 0.675968690358 18648.000000000000 19609.000000000000 20570.000000000000 0.000000000000 0.000000000000
234.000000000000 3.000000000000 0.209439510239 -0.314159265359 0.000000000000 0.602523264233 0.709090482070 20571.000000000000 0.000000000000 0.000000000000 0.000000000000 0.000000000000
235.000000000000 3.000000000000 -0.104719755120 -0.209439510239 0.000000000000 -0.665350030683 -0.468056599341 9067.000000000000 10028.000000000000 0.000000000000 0.000000000000 0.000000000000
236.000000000000 3.000000000000 0.104719755120 -0.209439510239 0.000000000000 0.468056599341 0.665350030683 19640.000000000000 20601.000000000000 0.000000000000 0.000000000000 0.000000000000
237.000000000000 3.000000000000 -0.104719755120 0.209439510239 0.000000000000 0.468056599341 0.665350030683 19762.000000000000 20723.000000000000 0.000000000000 0.000000000000 0.000000000000
238.000000000000 3.000000000000 0.104719755120 0.209439510239 0.000000000000 -0.665350030683 -0.468056599341 9193.000000000000 10154.000000000000 0.000000000000 0.000000000000 0.000000000000
239.000000000000 3.000000000000 -0.209439510239 0.314159265359 0.000000000000 0.602523264233 0.709090482070 20753.000000000000 0.000000000000 0.000000000000 0.000000000000 0.000000000000
240.000000000000 3.000000000000 -0.104719755120 0.314159265359 0.000000000000 0.327850056908 0.675968690358 18832.000000000000 19793.000000000000 20754.000000000000 0.000000000000 0.000000000000
241.000000000000 3.000000000000 0.104719755120 0.314159265359 0.000000000000 -0.675968690358 -0.327850056908 9224.000000000000 10185.000000000000 11146.000000000000 0.000000000000 0.000000000000
242.000000000000 3.000000000000 0.209439510239 0.314159265359 0.000000000000 -0.709090482070 -0.602523264233 9225.000000000000 0.000000000000 0.000000000000 0.000000000000 0.000000000000
243.000000000000 3.000000000000 -0.209439510239 0.418879020479 0.000000000000 0.481555972736 0.729741213744 19823.000000000000 20784.000000000000 0.000000000000 0.000000000000 0.000000000000
244.000000000000 3.000000000000 -0.104719755120 0.418879020479 0.000000000000 0.252876822617 0.686224838840 17902.000000000000 18863.000000000000 19824.000000000000 20785.000000000000 0.000000000000
245.000000000000 3.000000000000 0.104719755120 0.418879020479 0.000000000000 -0.686224838840 -0.252876822617 9255.000000000000 10216.000000000000 11177.000000000000 12138.000000000000 0.000000000000
246.000000000000 3.000000000000 0.209439510239 0.418879020479 0.000000000000 -0.729741213744 -0.481555972736 9256.000000000000 10217.000000000000 0.000000000000 0.000000000000 0.000000000000
247.000000000000 3.000000000000 -0.314159265359 0.523598775598 0.000000000000 0.576262307184 0.785398163397 20814.000000000000 21775.000000000000 0.000000000000 0.000000000000 0.000000000000
248.000000000000 3.000000000000 -0.209439510239 0.523598775598 0.000000000000 0.401966460026 0.749381939396 18893.000000000000 19854.000000000000 20815.000000000000 21776.000000000000 0.000000000000
249.000000000000 3.000000000000 -0.104719755120 0.523598775598 0.000000000000 0.207191851138 0.696004928266 16972.000000000000 17933.000000000000 18894.000000000000 19855.000000000000 20816.000000000000
250.000000000000 3.000000000000 0.104719755120 0.523598775598 0.000000000000 -0.696004928266 -0.207191851138 9286.000000000000 10247.000000000000 11208.000000000000 12169.000000000000 13130.000000000000
251.000000000000 3.000000000000 0.209439510239 0.523598775598 0.000000000000 -0.749381939396 -0.401966460026 8326.000000000000 9287.000000000000 10248.000000000000 11209.000000000000 0.000000000000
252.000000000000 3.000000000000 0.314159265359 0.523598775598 0.000000000000 -0.785398163397 -0.576262307184 8327.000000000000 9288.000000000000 0.000000000000 0.000000000000 0.000000000000
253.000000000000 3.000000000000 -0.418879020479 0.628318530718 0.000000000000 0.648263700390 0.757519675681 21805.000000000000 0.000000000000 0.000000000000 0.000000000000 0.000000000000
254.000000000000 3.000000000000 -0.314159265359 0.628318530718 0.000000000000 0.504979967651 0.757519675681 19884.000000000000 20845.000000000000 21806.000000000000 0.000000000000 0.000000000000
255.000000000000 3.000000000000 -0.209439510239 0.628318530718 0.000000000000 0.346991471184 0.757519675681 18924.000000000000 19885.000000000000 20846.000000000000 21807.000000000000 0.000000000000
256.000000000000 3.000000000000 -0.104719755120 0.628318530718 0.000000000000 0.176943926813 0.705201412630 17003.000000000000 17964.000000000000 18925.000000000000 19886.000000000000 20847.000000000000
257.000000000000 3.000000000000 0.104719755120 0.628318530718 0.000000000000 -0.705201412630 -0.176943926813 9317.000000000000 10278.000000000000 11239.000000000000 12200.000000000000 13161.000000000000
258.000000000000 3.000000000000 0.209439510239 0.628318530718 0.000000000000 -0.757519675681 -0.346991471184 8357.000000000000 9318.000000000000 10279.000000000000 11240.000000000000 0.000000000000
259.000000000000 3.000000000000 0.314159265359 0.628318530718 0.000000000000 -0.757519675681 -0.504979967651 8358.000000000000 9319.000000000000 10280.000000000000 0.000000000000 0.000000000000
260.000000000000 3.000000000000 0.418879020479 0.628318530718 0.000000000000 -0.757519675681 -0.648263700390 8359.000000000000 0.000000000000 0.000000000000 0.000000000000 0.000000000000
261.000000000000 3.000000000000 -0.209439510239 0.733038285838 0.000000000000 0.307579587343 0.450098981737 17994.000000000000 18955.000000000000 0.000000000000 0.000000000000 0.000000000000
262.000000000000 3.000000000000 -0.104719755120 0.733038285838 0.000000000000 0.155802774116 0.450098981737 17034.000000000000 17995.000000000000 18956.000000000000 0.000000000000 0.000000000000
263.000000000000 3.000000000000 0.104719755120 0.733038285838 0.000000000000 -0.450098981737 -0.155802774116 11270.000000000000 12231.000000000000 13192.000000000000 0.000000000000 0.000000000000
264.000000000000 3.000000000000 0.209439510239 0.733038285838 0.000000000000 -0.450098981737 -0.307579587343 11271.000000000000 12232.000000000000 0.000000000000 0.000000000000 0.000000000000
