1 2 248.05
1 4 3398.6
2 3 120.19
2 5 190.89
2 15 100.07
3 6 176.86
3 16 64.975
4 5 3341.5
5 6 247.56
5 7 622.46
5 18 213.12
6 19 140.74
8 10 622.46
9 10 247.56
9 12 176.86
9 33 140.74
10 11 3341.5
10 13 190.89
10 34 213.12
11 14 3398.6
12 13 120.19
12 36 64.975
13 14 248.05
13 37 100.07
15 16 44.856
15 18 122.29
15 38 158.82
16 17 18.919
16 19 28.858
16 39 21.593
17 20 13.814
17 40 11.395
18 19 106.3
19 20 23.753
19 21 49.438
19 41 33.439
20 22 16.117
20 42 10.275
21 22 41.801
21 23 271.1
21 43 87.61
22 24 25.783
22 44 14.575
23 24 255.08
24 25 63.667
24 46 25.145
25 26 1218.2
25 48 89.698
27 28 63.667
27 50 89.698
28 29 255.08
28 30 25.783
28 51 25.145
29 31 271.1
30 31 41.801
30 32 16.117
30 52 14.575
31 33 49.438
31 53 87.61
32 33 23.753
32 35 13.814
32 54 10.275
33 34 106.3
33 36 28.858
33 55 33.439
34 37 122.29
35 36 18.919
35 56 11.395
36 37 44.856
36 57 21.593
37 58 158.82
38 39 135.56
39 40 14.069
39 41 26.173
39 61 26.701
40 42 7.8561
40 62 7.4168
41 42 19.96
41 43 71.611
41 63 97.641
42 44 8.7328
42 64 7.2151
43 44 60.384
44 45 689.1
44 46 13.937
44 65 10.511
46 47 691.98
46 48 51.175
46 67 21.194
48 49 714.16
50 51 51.175
51 52 13.937
51 68 21.194
52 53 60.384
52 54 8.7328
52 69 10.511
53 55 71.611
54 55 19.96
54 56 7.8561
54 70 7.2151
55 57 26.173
55 71 97.641
56 57 14.069
56 72 7.4168
57 58 135.56
57 73 26.701
59 60 97.005
59 61 64.959
59 76 178.14
60 62 52.095
60 77 61.729
61 62 20.048
61 63 98.168
62 64 6.7758
62 78 6.874
63 64 84.896
64 65 8.9931
64 79 8.9987
65 66 606.78
65 67 17.768
65 80 16.704
68 69 17.768
69 70 8.9931
69 81 16.704
70 71 84.896
70 72 6.7758
70 82 8.9987
71 73 98.168
72 73 20.048
72 74 52.095
72 83 6.874
73 75 64.959
74 75 97.005
74 85 61.729
75 86 178.14
76 77 142.87
77 78 16.508
77 87 21.288
78 79 9.0969
78 88 16.535
79 80 16.71
79 90 220.16
81 82 16.71
82 83 9.0969
82 92 220.16
83 85 16.508
83 93 16.535
84 85 25.879
85 86 142.87
85 94 21.288
87 88 21.315
88 89 5.2511e+05
88 90 227.6
90 91 689.83
92 93 227.6
93 94 21.315
95 96 21.315
95 102 21.288
96 97 227.6
96 104 16.535
97 105 220.16
98 99 238.88
98 100 227.6
98 108 220.16
100 101 21.315
100 109 16.535
101 112 21.288
102 103 142.87
102 104 16.508
102 114 61.729
103 115 178.14
104 105 9.0969
104 116 6.874
105 106 16.71
105 118 8.9987
106 120 16.704
107 108 16.71
107 123 16.704
108 109 9.0969
108 126 8.9987
109 110 6.4253
109 112 16.508
109 129 6.874
111 112 142.87
111 130 178.14
112 113 345.01
112 131 61.729
114 115 97.005
114 116 52.095
115 117 64.959
116 117 20.048
116 118 6.7758
116 132 7.4168
117 119 98.168
117 133 26.701
118 119 84.896
118 120 8.9931
118 135 7.2151
119 136 97.641
120 121 17.768
120 137 10.511
121 140 21.194
122 123 17.768
122 144 21.194
123 124 7.304
123 126 8.9931
123 146 10.511
125 126 84.896
125 128 98.168
125 147 97.641
126 127 607.61
126 129 6.7758
126 148 7.2151
128 129 20.048
128 130 64.959
128 150 26.701
129 131 52.095
129 151 7.4168
130 131 97.005
132 133 14.069
132 135 7.8561
132 152 11.395
133 134 135.56
133 136 26.173
133 153 21.593
134 154 158.82
135 136 19.96
135 137 8.7328
135 155 10.275
136 138 71.611
136 156 33.439
137 138 60.384
137 140 13.937
137 158 14.575
138 159 87.61
139 140 691.98
140 141 51.175
140 160 25.145
141 162 89.698
142 143 714.16
142 144 51.175
142 163 89.698
144 146 13.937
144 166 25.145
145 146 60.384
145 147 71.611
145 167 87.61
146 148 8.7328
146 168 14.575
147 148 19.96
147 150 26.173
147 170 33.439
148 151 7.8561
148 171 10.275
149 150 135.56
149 173 158.82
150 151 14.069
150 174 21.593
151 175 11.395
152 153 18.919
152 155 13.814
153 154 44.856
153 156 28.858
153 176 64.975
154 157 122.29
154 177 100.07
155 156 23.753
155 158 16.117
156 157 106.3
156 159 49.438
156 179 140.74
157 180 213.12
158 159 41.801
158 160 25.783
159 161 271.1
160 161 255.08
160 162 63.667
163 164 1218.2
163 166 63.667
165 166 255.08
165 167 271.1
166 168 25.783
167 168 41.801
167 170 49.438
168 171 16.117
169 170 106.3
169 173 122.29
169 185 213.12
170 171 23.753
170 174 28.858
170 186 140.74
171 172 31.307
171 175 13.814
173 174 44.856
173 188 100.07
174 175 18.919
174 189 64.975
176 177 120.19
176 179 176.86
177 178 248.05
177 180 190.89
178 181 3398.6
179 180 247.56
180 181 3341.5
180 182 622.46
183 185 622.46
184 185 3341.5
184 187 3398.6
185 186 247.56
185 188 190.89
186 189 176.86
187 188 248.05
188 189 120.19
