34596.000000000000
34597.000000000000
34598.000000000000
34599.000000000000
34600.000000000000
34601.000000000000
34648.000000000000
34649.000000000000
34650.000000000000
34651.000000000000
34700.000000000000
34701.000000000000
34702.000000000000
34751.000000000000
34752.000000000000
35476.000000000000
35477.000000000000
35526.000000000000
35527.000000000000
35528.000000000000
35577.000000000000
35578.000000000000
35579.000000000000
35580.000000000000
35627.000000000000
35628.000000000000
35629.000000000000
35630.000000000000
35631.000000000000
35632.000000000000
37198.000000000000
37199.000000000000
37200.000000000000
37201.000000000000
37202.000000000000
37203.000000000000
37250.000000000000
37251.000000000000
37252.000000000000
37253.000000000000
37254.000000000000
37301.000000000000
37302.000000000000
37303.000000000000
37304.000000000000
37305.000000000000
37353.000000000000
37354.000000000000
37355.000000000000
37356.000000000000
37405.000000000000
37406.000000000000
37457.000000000000
37973.000000000000
38024.000000000000
38025.000000000000
38074.000000000000
38075.000000000000
38076.000000000000
38077.000000000000
38125.000000000000
38126.000000000000
38127.000000000000
38128.000000000000
38129.000000000000
38176.000000000000
38177.000000000000
38178.000000000000
38179.000000000000
38180.000000000000
38227.000000000000
38228.000000000000
38229.000000000000
38230.000000000000
38231.000000000000
38232.000000000000
39800.000000000000
39801.000000000000
39802.000000000000
39803.000000000000
39804.000000000000
39805.000000000000
39852.000000000000
39853.000000000000
39854.000000000000
39855.000000000000
39856.000000000000
39903.000000000000
39904.000000000000
39905.000000000000
39906.000000000000
39907.000000000000
39955.000000000000
39956.000000000000
39957.000000000000
39958.000000000000
40006.000000000000
40007.000000000000
40008.000000000000
40009.000000000000
40058.000000000000
40059.000000000000
40060.000000000000
40110.000000000000
40111.000000000000
40161.000000000000
40162.000000000000
40213.000000000000
40214.000000000000
40418.000000000000
40419.000000000000
40470.000000000000
40471.000000000000
40520.000000000000
40521.000000000000
40522.000000000000
40571.000000000000
40572.000000000000
40573.000000000000
40574.000000000000
40623.000000000000
40624.000000000000
40625.000000000000
40626.000000000000
40673.000000000000
40674.000000000000
40675.000000000000
40676.000000000000
40677.000000000000
40725.000000000000
40726.000000000000
40727.000000000000
40728.000000000000
40729.000000000000
40775.000000000000
40776.000000000000
40777.000000000000
40778.000000000000
40779.000000000000
40780.000000000000
40826.000000000000
40827.000000000000
40828.000000000000
40829.000000000000
40830.000000000000
40831.000000000000
40832.000000000000
42350.000000000000
42351.000000000000
42352.000000000000
42353.000000000000
42354.000000000000
42355.000000000000
42356.000000000000
42402.000000000000
42403.000000000000
42404.000000000000
42405.000000000000
42406.000000000000
42407.000000000000
42453.000000000000
42454.000000000000
42455.000000000000
42456.000000000000
42457.000000000000
42505.000000000000
42506.000000000000
42507.000000000000
42508.000000000000
42509.000000000000
42556.000000000000
42557.000000000000
42558.000000000000
42559.000000000000
42560.000000000000
42608.000000000000
42609.000000000000
42610.000000000000
42611.000000000000
42659.000000000000
42660.000000000000
42661.000000000000
42711.000000000000
42712.000000000000
42713.000000000000
42763.000000000000
42764.000000000000
42814.000000000000
43019.000000000000
43020.000000000000
43070.000000000000
43071.000000000000
43121.000000000000
43122.000000000000
43123.000000000000
43172.000000000000
43173.000000000000
43174.000000000000
43175.000000000000
43223.000000000000
43224.000000000000
43225.000000000000
43226.000000000000
43274.000000000000
43275.000000000000
43276.000000000000
43277.000000000000
43278.000000000000
43326.000000000000
43327.000000000000
43328.000000000000
43329.000000000000
43377.000000000000
43378.000000000000
43379.000000000000
43380.000000000000
43381.000000000000
43427.000000000000
43428.000000000000
43429.000000000000
43430.000000000000
43431.000000000000
43432.000000000000
43479.000000000000
43480.000000000000
43481.000000000000
43482.000000000000
43483.000000000000
43484.000000000000
44952.000000000000
44953.000000000000
44954.000000000000
44955.000000000000
44956.000000000000
45004.000000000000
45005.000000000000
45006.000000000000
45007.000000000000
45008.000000000000
45055.000000000000
45056.000000000000
45057.000000000000
45058.000000000000
45059.000000000000
45106.000000000000
45107.000000000000
45108.000000000000
45109.000000000000
45110.000000000000
45158.000000000000
45159.000000000000
45160.000000000000
45161.000000000000
45209.000000000000
45210.000000000000
45211.000000000000
45261.000000000000
45262.000000000000
45263.000000000000
45312.000000000000
45313.000000000000
45364.000000000000
45365.000000000000
45415.000000000000
45416.000000000000
45620.000000000000
45621.000000000000
45671.000000000000
45672.000000000000
45722.000000000000
45723.000000000000
45724.000000000000
45773.000000000000
45774.000000000000
45775.000000000000
45824.000000000000
45825.000000000000
45826.000000000000
45827.000000000000
45875.000000000000
45876.000000000000
45877.000000000000
45878.000000000000
45926.000000000000
45927.000000000000
45928.000000000000
45929.000000000000
45930.000000000000
45977.000000000000
45978.000000000000
45979.000000000000
45980.000000000000
45981.000000000000
46028.000000000000
46029.000000000000
46030.000000000000
46031.000000000000
46032.000000000000
46079.000000000000
46080.000000000000
46081.000000000000
46082.000000000000
46083.000000000000
46084.000000000000
47554.000000000000
47555.000000000000
47556.000000000000
47557.000000000000
47605.000000000000
47606.000000000000
47607.000000000000
47608.000000000000
47609.000000000000
47657.000000000000
47658.000000000000
47659.000000000000
47708.000000000000
47709.000000000000
47710.000000000000
47711.000000000000
47759.000000000000
47760.000000000000
47761.000000000000
47811.000000000000
47812.000000000000
47862.000000000000
47863.000000000000
47864.000000000000
47914.000000000000
47915.000000000000
47965.000000000000
47966.000000000000
48272.000000000000
48273.000000000000
48323.000000000000
48324.000000000000
48374.000000000000
48375.000000000000
48376.000000000000
48425.000000000000
48426.000000000000
48427.000000000000
48476.000000000000
48477.000000000000
48478.000000000000
48479.000000000000
48528.000000000000
48529.000000000000
48530.000000000000
48578.000000000000
48579.000000000000
48580.000000000000
48581.000000000000
48630.000000000000
48631.000000000000
48632.000000000000
48633.000000000000
48681.000000000000
48682.000000000000
48683.000000000000
48684.000000000000
50156.000000000000
50157.000000000000
50158.000000000000
50207.000000000000
50208.000000000000
50209.000000000000
50258.000000000000
50259.000000000000
50260.000000000000
50261.000000000000
50310.000000000000
50311.000000000000
50361.000000000000
50362.000000000000
50412.000000000000
50413.000000000000
50414.000000000000
50464.000000000000
50465.000000000000
50515.000000000000
50516.000000000000
50566.000000000000
50567.000000000000
50873.000000000000
50874.000000000000
50924.000000000000
50925.000000000000
50975.000000000000
50976.000000000000
51026.000000000000
51027.000000000000
51028.000000000000
51077.000000000000
51078.000000000000
51079.000000000000
51128.000000000000
51129.000000000000
51130.000000000000
51179.000000000000
51180.000000000000
51181.000000000000
51182.000000000000
51230.000000000000
51231.000000000000
51232.000000000000
51233.000000000000
51281.000000000000
51282.000000000000
51283.000000000000
51284.000000000000
52706.000000000000
52707.000000000000
52708.000000000000
52757.000000000000
52758.000000000000
52759.000000000000
52808.000000000000
52809.000000000000
52810.000000000000
52860.000000000000
52861.000000000000
52862.000000000000
52911.000000000000
52912.000000000000
52962.000000000000
52963.000000000000
52964.000000000000
53014.000000000000
53015.000000000000
53065.000000000000
53066.000000000000
53116.000000000000
53117.000000000000
53525.000000000000
53526.000000000000
53576.000000000000
53577.000000000000
53627.000000000000
53628.000000000000
53678.000000000000
53679.000000000000
53680.000000000000
53729.000000000000
53730.000000000000
53731.000000000000
53780.000000000000
53781.000000000000
53782.000000000000
53831.000000000000
53832.000000000000
53833.000000000000
53834.000000000000
53882.000000000000
53883.000000000000
53884.000000000000
53885.000000000000
53933.000000000000
53934.000000000000
53935.000000000000
53936.000000000000
55308.000000000000
55309.000000000000
55359.000000000000
55360.000000000000
55361.000000000000
55410.000000000000
55411.000000000000
55412.000000000000
55461.000000000000
55462.000000000000
55463.000000000000
55513.000000000000
55564.000000000000
55615.000000000000
55616.000000000000
55666.000000000000
55667.000000000000
55717.000000000000
55718.000000000000
56126.000000000000
56127.000000000000
56177.000000000000
56178.000000000000
56228.000000000000
56229.000000000000
56279.000000000000
56280.000000000000
56331.000000000000
56381.000000000000
56382.000000000000
56383.000000000000
56432.000000000000
56433.000000000000
56434.000000000000
56483.000000000000
56484.000000000000
56485.000000000000
56535.000000000000
56536.000000000000
57909.000000000000
57910.000000000000
57911.000000000000
57961.000000000000
58012.000000000000
58063.000000000000
58064.000000000000
58114.000000000000
58115.000000000000
58165.000000000000
58216.000000000000
58829.000000000000
58830.000000000000
58880.000000000000
58881.000000000000
58931.000000000000
58932.000000000000
58982.000000000000
58983.000000000000
59033.000000000000
59034.000000000000
59084.000000000000
59085.000000000000
59135.000000000000
59136.000000000000
59137.000000000000
60511.000000000000
60562.000000000000
60563.000000000000
60613.000000000000
60664.000000000000
60665.000000000000
61583.000000000000
61584.000000000000
61634.000000000000
61635.000000000000
61685.000000000000
61686.000000000000
61737.000000000000
70916.000000000000
70917.000000000000
70967.000000000000
70968.000000000000
71018.000000000000
71019.000000000000
71069.000000000000
71070.000000000000
71986.000000000000
72037.000000000000
72038.000000000000
72088.000000000000
72139.000000000000
72140.000000000000
73517.000000000000
73518.000000000000
73519.000000000000
73568.000000000000
73569.000000000000
73619.000000000000
73620.000000000000
73670.000000000000
73671.000000000000
73721.000000000000
73722.000000000000
73772.000000000000
73773.000000000000
73823.000000000000
73824.000000000000
74434.000000000000
74485.000000000000
74536.000000000000
74537.000000000000
74587.000000000000
74638.000000000000
74639.000000000000
74689.000000000000
74739.000000000000
74740.000000000000
74741.000000000000
76119.000000000000
76120.000000000000
76169.000000000000
76170.000000000000
76171.000000000000
76220.000000000000
76221.000000000000
76222.000000000000
76271.000000000000
76272.000000000000
76273.000000000000
76322.000000000000
76323.000000000000
76373.000000000000
76374.000000000000
76424.000000000000
76425.000000000000
76475.000000000000
76476.000000000000
76526.000000000000
76527.000000000000
76933.000000000000
76934.000000000000
76984.000000000000
76985.000000000000
77035.000000000000
77036.000000000000
77086.000000000000
77137.000000000000
77187.000000000000
77188.000000000000
77189.000000000000
77238.000000000000
77239.000000000000
77240.000000000000
77289.000000000000
77290.000000000000
77291.000000000000
77340.000000000000
77341.000000000000
78720.000000000000
78721.000000000000
78722.000000000000
78771.000000000000
78772.000000000000
78773.000000000000
78821.000000000000
78822.000000000000
78823.000000000000
78824.000000000000
78872.000000000000
78873.000000000000
78874.000000000000
78924.000000000000
78925.000000000000
78974.000000000000
78975.000000000000
78976.000000000000
79025.000000000000
79026.000000000000
79076.000000000000
79077.000000000000
79127.000000000000
79128.000000000000
79534.000000000000
79535.000000000000
79585.000000000000
79636.000000000000
79637.000000000000
79686.000000000000
79687.000000000000
79688.000000000000
79737.000000000000
79738.000000000000
79739.000000000000
79788.000000000000
79789.000000000000
79838.000000000000
79839.000000000000
79840.000000000000
79889.000000000000
79890.000000000000
79891.000000000000
79940.000000000000
79941.000000000000
79942.000000000000
81372.000000000000
81373.000000000000
81374.000000000000
81422.000000000000
81423.000000000000
81424.000000000000
81425.000000000000
81473.000000000000
81474.000000000000
81475.000000000000
81476.000000000000
81524.000000000000
81525.000000000000
81526.000000000000
81575.000000000000
81576.000000000000
81577.000000000000
81626.000000000000
81627.000000000000
81628.000000000000
81677.000000000000
81678.000000000000
81728.000000000000
81729.000000000000
81779.000000000000
81780.000000000000
82084.000000000000
82085.000000000000
82135.000000000000
82136.000000000000
82186.000000000000
82236.000000000000
82237.000000000000
82238.000000000000
82287.000000000000
82288.000000000000
82338.000000000000
82339.000000000000
82340.000000000000
82388.000000000000
82389.000000000000
82390.000000000000
82391.000000000000
82439.000000000000
82440.000000000000
82441.000000000000
82490.000000000000
82491.000000000000
82492.000000000000
83972.000000000000
83973.000000000000
83974.000000000000
83975.000000000000
83976.000000000000
84023.000000000000
84024.000000000000
84025.000000000000
84026.000000000000
84027.000000000000
84074.000000000000
84075.000000000000
84076.000000000000
84077.000000000000
84125.000000000000
84126.000000000000
84127.000000000000
84128.000000000000
84176.000000000000
84177.000000000000
84178.000000000000
84179.000000000000
84227.000000000000
84228.000000000000
84229.000000000000
84278.000000000000
84279.000000000000
84280.000000000000
84329.000000000000
84330.000000000000
84380.000000000000
84381.000000000000
84685.000000000000
84686.000000000000
84736.000000000000
84737.000000000000
84786.000000000000
84787.000000000000
84788.000000000000
84837.000000000000
84838.000000000000
84887.000000000000
84888.000000000000
84889.000000000000
84938.000000000000
84939.000000000000
84940.000000000000
84989.000000000000
84990.000000000000
84991.000000000000
85039.000000000000
85040.000000000000
85041.000000000000
85042.000000000000
85090.000000000000
85091.000000000000
85092.000000000000
85093.000000000000
86573.000000000000
86574.000000000000
86575.000000000000
86576.000000000000
86577.000000000000
86578.000000000000
86625.000000000000
86626.000000000000
86627.000000000000
86628.000000000000
86675.000000000000
86676.000000000000
86677.000000000000
86678.000000000000
86679.000000000000
86726.000000000000
86727.000000000000
86728.000000000000
86729.000000000000
86730.000000000000
86777.000000000000
86778.000000000000
86779.000000000000
86780.000000000000
86829.000000000000
86830.000000000000
86831.000000000000
86880.000000000000
86881.000000000000
86931.000000000000
86932.000000000000
86981.000000000000
86982.000000000000
87033.000000000000
87235.000000000000
87236.000000000000
87286.000000000000
87287.000000000000
87336.000000000000
87337.000000000000
87387.000000000000
87388.000000000000
87389.000000000000
87437.000000000000
87438.000000000000
87439.000000000000
87488.000000000000
87489.000000000000
87490.000000000000
87538.000000000000
87539.000000000000
87540.000000000000
87541.000000000000
87589.000000000000
87590.000000000000
87591.000000000000
87592.000000000000
87640.000000000000
87641.000000000000
87642.000000000000
87643.000000000000
87690.000000000000
87691.000000000000
87692.000000000000
87693.000000000000
87694.000000000000
89175.000000000000
89176.000000000000
89177.000000000000
89178.000000000000
89179.000000000000
89180.000000000000
89226.000000000000
89227.000000000000
89228.000000000000
89229.000000000000
89230.000000000000
89277.000000000000
89278.000000000000
89279.000000000000
89280.000000000000
89281.000000000000
89327.000000000000
89328.000000000000
89329.000000000000
89330.000000000000
89331.000000000000
89378.000000000000
89379.000000000000
89380.000000000000
89381.000000000000
89382.000000000000
89429.000000000000
89430.000000000000
89431.000000000000
89432.000000000000
89480.000000000000
89481.000000000000
89482.000000000000
89483.000000000000
89531.000000000000
89532.000000000000
89533.000000000000
89583.000000000000
89633.000000000000
89634.000000000000
89836.000000000000
89837.000000000000
89887.000000000000
89937.000000000000
89938.000000000000
89939.000000000000
89987.000000000000
89988.000000000000
89989.000000000000
90038.000000000000
90039.000000000000
90040.000000000000
90088.000000000000
90089.000000000000
90090.000000000000
90091.000000000000
90139.000000000000
90140.000000000000
90141.000000000000
90142.000000000000
90189.000000000000
90190.000000000000
90191.000000000000
90192.000000000000
90193.000000000000
90240.000000000000
90241.000000000000
90242.000000000000
90243.000000000000
90244.000000000000
90290.000000000000
90291.000000000000
90292.000000000000
90293.000000000000
90294.000000000000
90295.000000000000
91826.000000000000
91827.000000000000
91828.000000000000
91829.000000000000
91830.000000000000
91831.000000000000
91832.000000000000
91877.000000000000
91878.000000000000
91879.000000000000
91880.000000000000
91881.000000000000
91882.000000000000
91928.000000000000
91929.000000000000
91930.000000000000
91931.000000000000
91932.000000000000
91933.000000000000
91979.000000000000
91980.000000000000
91981.000000000000
91982.000000000000
91983.000000000000
92031.000000000000
92032.000000000000
92033.000000000000
92034.000000000000
92082.000000000000
92083.000000000000
92084.000000000000
92132.000000000000
92133.000000000000
92134.000000000000
92183.000000000000
92184.000000000000
92185.000000000000
92235.000000000000
92437.000000000000
92438.000000000000
92487.000000000000
92488.000000000000
92538.000000000000
92539.000000000000
92588.000000000000
92589.000000000000
92590.000000000000
92638.000000000000
92639.000000000000
92640.000000000000
92641.000000000000
92689.000000000000
92690.000000000000
92691.000000000000
92692.000000000000
92739.000000000000
92740.000000000000
92741.000000000000
92742.000000000000
92743.000000000000
92790.000000000000
92791.000000000000
92792.000000000000
92793.000000000000
92794.000000000000
92840.000000000000
92841.000000000000
92842.000000000000
92843.000000000000
92844.000000000000
92845.000000000000
92846.000000000000
94429.000000000000
94430.000000000000
94431.000000000000
94432.000000000000
94433.000000000000
94434.000000000000
94480.000000000000
94481.000000000000
94482.000000000000
94483.000000000000
94484.000000000000
94531.000000000000
94532.000000000000
94533.000000000000
94534.000000000000
94535.000000000000
94582.000000000000
94583.000000000000
94584.000000000000
94585.000000000000
94634.000000000000
94635.000000000000
94685.000000000000
95189.000000000000
95239.000000000000
95240.000000000000
95289.000000000000
95290.000000000000
95291.000000000000
95292.000000000000
95339.000000000000
95340.000000000000
95341.000000000000
95342.000000000000
95343.000000000000
95390.000000000000
95391.000000000000
95392.000000000000
95393.000000000000
95394.000000000000
95440.000000000000
95441.000000000000
95442.000000000000
95443.000000000000
95444.000000000000
95445.000000000000
97031.000000000000
97032.000000000000
97033.000000000000
97034.000000000000
97035.000000000000
97036.000000000000
97083.000000000000
97084.000000000000
97085.000000000000
97086.000000000000
97134.000000000000
97135.000000000000
97136.000000000000
97186.000000000000
97187.000000000000
97889.000000000000
97890.000000000000
97940.000000000000
97941.000000000000
97942.000000000000
97990.000000000000
97991.000000000000
97992.000000000000
97993.000000000000
98040.000000000000
98041.000000000000
98042.000000000000
98043.000000000000
98044.000000000000
98045.000000000000
